7575.0 0.0001594051
7580.0 0.0003151031
7585.0 0.0001519909
7590.0 0.0002891534
7595.0 0.0002520825
7600.0 0.0002113044
7605.0 0.0001927689
7610.0 0.0001779406
7615.0 0.0002038902
7620.0 0.0002298399
7625.0 0.0002224257
7630.0 0.0002150115
7635.0 0.0002150115
7640.0 0.0002187186
7645.0 0.000233547
7650.0 0.0002446683
7655.0 0.0002557896
7660.0 0.0004040734
7665.0 0.0004189017
7670.0 0.000430023
7675.0 0.0004485585
7680.0 0.000467094
7685.0 0.000467094
7690.0 0.000467094
7695.0 0.0004633869
7700.0 0.0004633869
7705.0 0.0006153778
7710.0 0.0006153778
7715.0 0.0006153778
7720.0 0.0006116707
7725.0 0.0006116707
7730.0 0.0006116707
7735.0 0.0007599545
7740.0 0.0007599545
7745.0 0.0007599545
7750.0 0.0007562474
7755.0 0.0009045312
7760.0 0.0009045312
7765.0 0.0009008241
7770.0 0.0009008241
7775.0 0.0010491079
7780.0 0.0010454007
7785.0 0.0010416937
7790.0 0.0011899775
7795.0 0.0011862704
7800.0 0.0013308472
7805.0 0.00132714
7810.0 0.00132714
7815.0 0.0014680095
7820.0 0.0014680095
7825.0 0.0016088792
7830.0 0.0017534558
7835.0 0.0017460417
7840.0 0.0018906185
7845.0 0.002027781
7850.0 0.0020240739
7855.0 0.0021649436
7860.0 0.002302106
7865.0 0.0024429755
7870.0 0.0025801382
7875.0 0.0027173006
7880.0 0.0028544632
7885.0 0.0031324953
7890.0 0.0032659506
7895.0 0.003399406
7900.0 0.0036737311
7905.0 0.003948056
7910.0 0.0040778043
7915.0 0.0043484224
7920.0 0.0046190405
7925.0 0.004885951
7930.0 0.0052937316
7935.0 0.0055606426
7940.0 0.005964716
7945.0 0.006365082
7950.0 0.0067654485
7955.0 0.00729927
7960.0 0.007692222
7965.0 0.008218629
7970.0 0.008882199
7975.0 0.009542063
7980.0 0.010194511
7985.0 0.01084696
7990.0 0.01176632
7995.0 0.015247282
8000.0 0.016418723
8005.0 0.017586458
8010.0 0.018883942
8015.0 0.020174012
8020.0 0.021727284
8025.0 0.023406599
8030.0 0.025337994
8035.0 0.027395433
8040.0 0.029575204
8045.0 0.031743854
8050.0 0.03430175
8055.0 0.037100606
8060.0 0.040540792
8065.0 0.04409219
8070.0 0.047754798
8075.0 0.051662076
8080.0 0.056069814
8085.0 0.06110034
8090.0 0.06700574
8095.0 0.07339307
8100.0 0.08013627
8105.0 0.08691655
8110.0 0.09384882
8115.0 0.1016782
8120.0 0.11088292
8125.0 0.12129615
8130.0 0.1316686
8135.0 0.14260082
8140.0 0.15407799
8145.0 0.16753104
8150.0 0.18211475
8155.0 0.19930084
8160.0 0.21712455
8165.0 0.23518552
8170.0 0.25360978
8175.0 0.27322033
8180.0 0.29461768
8185.0 0.31816515
8190.0 0.34313613
8195.0 0.36811084
8200.0 0.3924887
8205.0 0.41743
8210.0 0.44293112
8215.0 0.4707269
8220.0 0.50068766
8225.0 0.5285168
8230.0 0.55527467
8235.0 0.58130956
8240.0 0.60836023
8245.0 0.63506615
8250.0 0.6629954
8255.0 0.6894826
8260.0 0.71400136
8265.0 0.7367147
8270.0 0.75863105
8275.0 0.78043246
8280.0 0.8018928
8285.0 0.8223708
8290.0 0.8402205
8295.0 0.8556383
8300.0 0.8698513
8305.0 0.88720423
8310.0 0.9045423
8315.0 0.9201084
8320.0 0.93445116
8325.0 0.9467735
8330.0 0.9577317
8335.0 0.9680263
8340.0 0.97767216
8345.0 0.986914
8350.0 0.9945839
8355.0 0.9968823
8360.0 0.9984838
8365.0 0.9994736
8370.0 1.0
8375.0 0.9999703
8380.0 0.999481
8385.0 0.99854684
8390.0 0.99741244
8395.0 0.99578506
8400.0 0.9941502
8405.0 0.99243385
8410.0 0.99046165
8415.0 0.98842275
8420.0 0.98623556
8425.0 0.9841003
8430.0 0.98215777
8435.0 0.98006696
8440.0 0.9782134
8445.0 0.9762486
8450.0 0.97453225
8455.0 0.9728122
8460.0 0.9710105
8465.0 0.9695944
8470.0 0.96815604
8475.0 0.9668104
8480.0 0.9654647
8485.0 0.9639003
8490.0 0.9625287
8495.0 0.9611571
8500.0 0.95984477
8505.0 0.95824325
8510.0 0.95662326
8515.0 0.9548031
8520.0 0.95308304
8525.0 0.9512665
8530.0 0.94934255
8535.0 0.94754833
8540.0 0.9455242
8545.0 0.94328517
8550.0 0.9410646
8555.0 0.9387254
8560.0 0.9362157
8565.0 0.93371713
8570.0 0.93111473
8575.0 0.9282455
8580.0 0.9253688
8585.0 0.9223512
8590.0 0.9193188
8595.0 0.9159898
8600.0 0.9127609
8605.0 0.9092503
8610.0 0.9057545
8615.0 0.90219945
8620.0 0.8984701
8625.0 0.89477783
8630.0 0.8907853
8635.0 0.8868557
8640.0 0.88282615
8645.0 0.87893367
8650.0 0.87505233
8655.0 0.8709189
8660.0 0.8666966
8665.0 0.8625298
8670.0 0.85832596
8675.0 0.85399604
8680.0 0.8498441
8685.0 0.84562546
8690.0 0.84123254
8695.0 0.83707315
8700.0 0.83284336
8705.0 0.8286877
8710.0 0.8246507
8715.0 0.8206396
8720.0 0.81645805
8725.0 0.8125285
8730.0 0.80843216
8735.0 0.80460644
8740.0 0.8006992
8745.0 0.79694384
8750.0 0.793196
8755.0 0.7893147
8760.0 0.78580034
8765.0 0.782249
8770.0 0.77874947
8775.0 0.77513504
8780.0 0.77160215
8785.0 0.76810265
8790.0 0.7648775
8795.0 0.76138544
8800.0 0.75811577
8805.0 0.75486463
8810.0 0.75162095
8815.0 0.74838835
8820.0 0.74531513
8825.0 0.7421752
8830.0 0.739217
8835.0 0.73608077
8840.0 0.7331967
8845.0 0.7301902
8850.0 0.7273469
8855.0 0.724422
8860.0 0.7215119
8865.0 0.7187353
8870.0 0.7159216
8875.0 0.71311903
8880.0 0.71023864
8885.0 0.7074954
8890.0 0.70475215
8895.0 0.7019681
8900.0 0.6991655
8905.0 0.69191444
8910.0 0.6847004
8915.0 0.6776199
8920.0 0.67049116
8925.0 0.66334385
8930.0 0.65621513
8935.0 0.6490308
8940.0 0.64195764
8945.0 0.6349364
8950.0 0.6278781
8955.0 0.6209162
8960.0 0.6138467
8965.0 0.6068774
8970.0 0.5998821
8975.0 0.5928312
8980.0 0.585873
8985.0 0.5845829
8990.0 0.58327806
8995.0 0.581925
9000.0 0.580431
9005.0 0.57900375
9010.0 0.57750237
9015.0 0.5759083
9020.0 0.57424754
9025.0 0.5725831
9030.0 0.57082963
9035.0 0.56899834
9040.0 0.5671299
9045.0 0.5652134
9050.0 0.5632115
9055.0 0.5612282
9060.0 0.5591819
9065.0 0.5558344
9070.0 0.5524869
9075.0 0.5490319
9080.0 0.54551387
9085.0 0.5420811
9090.0 0.5387336
9095.0 0.53526
9100.0 0.5317865
9105.0 0.5282833
9110.0 0.5247282
9115.0 0.5211953
9120.0 0.5177885
9125.0 0.51426303
9130.0 0.5107413
9135.0 0.5071714
9140.0 0.5036682
9145.0 0.50011307
9150.0 0.4966321
9155.0 0.49313632
9160.0 0.48970726
9165.0 0.48622257
9170.0 0.4827194
9175.0 0.47916797
9180.0 0.47565365
9185.0 0.47215044
9190.0 0.46859905
9195.0 0.46509954
9200.0 0.4615667
9205.0 0.4581191
9210.0 0.4546715
9215.0 0.4512869
9220.0 0.44785416
9225.0 0.44442138
9230.0 0.4410442
9235.0 0.43757808
9240.0 0.43426394
9245.0 0.43092385
9250.0 0.42759117
9255.0 0.42430297
9260.0 0.42098513
9265.0 0.411469
9270.0 0.40202332
9275.0 0.39263326
9280.0 0.38332105
9285.0 0.37417933
9290.0 0.3651229
9295.0 0.35611466
9300.0 0.34721765
9305.0 0.33838364
9310.0 0.32963118
9315.0 0.32099366
9320.0 0.31244138
9325.0 0.30402628
9330.0 0.29568902
9335.0 0.28745928
9340.0 0.27929255
9345.0 0.27118883
9350.0 0.26315925
9355.0 0.2632334
9360.0 0.26327047
9365.0 0.2632334
9370.0 0.26321486
9375.0 0.26310736
9380.0 0.2630221
9385.0 0.262859
9390.0 0.26272923
9395.0 0.26256612
9400.0 0.2623437
9405.0 0.26209903
9410.0 0.26180616
9415.0 0.26150218
9420.0 0.26119822
9425.0 0.25725386
9430.0 0.2533614
9435.0 0.24944672
9440.0 0.24558392
9445.0 0.2417582
9450.0 0.2379918
9455.0 0.23426616
9460.0 0.23054795
9465.0 0.22985101
9470.0 0.22914296
9475.0 0.22834593
9480.0 0.22751553
9485.0 0.22668886
9490.0 0.22588813
9495.0 0.22500212
9500.0 0.22408277
9505.0 0.22262959
9510.0 0.22116528
9515.0 0.21968986
9520.0 0.21822926
9525.0 0.21675755
9530.0 0.21531549
9535.0 0.21384747
9540.0 0.21237947
9545.0 0.21286881
9550.0 0.21331365
9555.0 0.21373256
9560.0 0.21412551
9565.0 0.2144369
9570.0 0.21471494
9575.0 0.21499668
9580.0 0.21525247
9585.0 0.21582706
9590.0 0.21632382
9595.0 0.21682428
9600.0 0.21728396
9605.0 0.21771769
9610.0 0.21811435
9615.0 0.21849246
9620.0 0.21878533
9625.0 0.21919312
9630.0 0.21954158
9635.0 0.2198641
9640.0 0.22015326
9645.0 0.22039051
9650.0 0.2205907
9655.0 0.22070932
9660.0 0.220802
9665.0 0.22087984
9670.0 0.22090209
9675.0 0.22089466
9680.0 0.22083165
9685.0 0.22072785
9690.0 0.2205944
9695.0 0.22044611
9700.0 0.22020885
9705.0 0.21746561
9710.0 0.21471123
9715.0 0.21194945
9720.0 0.20919508
9725.0 0.20650002
9730.0 0.2038272
9735.0 0.20112473
9740.0 0.19840743
9745.0 0.19711736
9750.0 0.19581246
9755.0 0.19448163
9760.0 0.19314335
9765.0 0.19179767
9770.0 0.19041865
9775.0 0.18902849
9780.0 0.18762349
9785.0 0.1862111
9790.0 0.18477274
9795.0 0.18332326
9800.0 0.18183672
9805.0 0.18034647
9810.0 0.17882285
9815.0 0.17731406
9820.0 0.1757682
9825.0 0.17424089
9830.0 0.1726876
9835.0 0.1711232
9840.0 0.1695477
9845.0 0.16796106
9850.0 0.1663633
9855.0 0.16473588
9860.0 0.16310477
9865.0 0.16099171
9870.0 0.15887497
9875.0 0.15674339
9880.0 0.15461552
9885.0 0.15250988
9890.0 0.15039314
9895.0 0.14829493
9900.0 0.1462004
9905.0 0.14409849
9910.0 0.14199658
9915.0 0.13989463
9920.0 0.13780014
9925.0 0.13571304
9930.0 0.13363336
9935.0 0.13155739
9940.0 0.12947029
9945.0 0.12740915
9950.0 0.12535542
9955.0 0.12329057
9960.0 0.12124425
9965.0 0.11921276
9970.0 0.11717015
9975.0 0.11514979
9980.0 0.1131183
9985.0 0.11107939
9990.0 0.10907015
9995.0 0.10704608
10000.0 0.10503312
10005.0 0.10303871
10010.0 0.10105912
10015.0 0.09907211
10020.0 0.09711477
10025.0 0.09513518
10030.0 0.093185246
10035.0 0.09123902
10040.0 0.08928538
10045.0 0.087342866
10050.0 0.08539664
10055.0 0.083454125
10060.0 0.08151531
10065.0 0.07958762
10070.0 0.07766364
10075.0 0.07573966
10080.0 0.07382309
10085.0 0.07191023
10090.0 0.07000478
10095.0 0.068103045
10100.0 0.06620501
10105.0 0.064310685
10110.0 0.06241636
10115.0 0.060518324
10120.0 0.058631416
10125.0 0.056763038
10130.0 0.05489837
10135.0 0.053029995
10140.0 0.05115791
10145.0 0.04929695
10150.0 0.047435988
10155.0 0.045578733
10160.0 0.04372148
10165.0 0.04186793
10170.0 0.0400218
10175.0 0.03817196
10180.0 0.036322117
10185.0 0.034479693
10190.0 0.03264097
10195.0 0.030794838
10200.0 0.028956119
10205.0 0.0271174
10210.0 0.025278682
10215.0 0.023451082
10220.0 0.021619778
10225.0 0.01979218
10230.0 0.017964583
10235.0 0.016136985
10240.0 0.014309387
10245.0 0.012481789
10250.0 0.010657898
10255.0 0.0088303005
10260.0 0.0070064096
10265.0 0.0051862258
10270.0 0.0033623353
10275.0 0.0015384444