1990.021 0.002592
1990.361 0.002623
1990.702 0.002657
1991.043 0.0027
1991.383 0.002744
1991.724 0.002787
1992.065 0.002831
1992.406 0.002875
1992.746 0.002919
1993.087 0.002963
1993.428 0.003007
1993.77 0.003051
1994.111 0.003096
1994.452 0.00314
1994.793 0.003185
1995.134 0.003229
1995.476 0.003274
1995.817 0.003319
1996.159 0.003364
1996.5 0.003409
1996.842 0.003454
1997.183 0.003499
1997.525 0.003545
1997.867 0.00359
1998.209 0.003636
1998.551 0.003682
1998.892 0.003728
1999.234 0.003773
1999.577 0.003819
1999.919 0.003866
2000.261 0.00391
2000.603 0.003953
2000.945 0.004012
2001.288 0.004073
2001.63 0.004134
2001.973 0.004195
2002.315 0.004256
2002.658 0.004318
2003.0 0.004379
2003.343 0.00444
2003.686 0.004502
2004.029 0.004563
2004.372 0.004625
2004.714 0.004686
2005.057 0.004748
2005.401 0.00481
2005.744 0.004872
2006.087 0.004934
2006.43 0.004995
2006.773 0.005057
2007.117 0.005119
2007.46 0.005182
2007.804 0.005244
2008.147 0.005306
2008.491 0.005368
2008.834 0.00543
2009.178 0.005493
2009.522 0.005555
2009.866 0.005618
2010.209 0.00568
2010.553 0.005743
2010.897 0.005821
2011.241 0.005906
2011.586 0.00599
2011.93 0.006075
2012.274 0.006159
2012.618 0.006244
2012.963 0.006329
2013.307 0.006414
2013.651 0.006499
2013.996 0.006584
2014.341 0.006669
2014.685 0.006754
2015.03 0.00684
2015.375 0.006925
2015.719 0.007011
2016.064 0.007096
2016.409 0.007182
2016.754 0.007268
2017.099 0.007353
2017.444 0.007439
2017.79 0.007525
2018.135 0.007611
2018.48 0.007697
2018.826 0.007784
2019.171 0.00787
2019.516 0.007956
2019.862 0.008043
2020.208 0.008129
2020.553 0.008215
2020.899 0.008317
2021.245 0.008426
2021.59 0.008534
2021.936 0.008643
2022.282 0.008752
2022.628 0.00886
2022.974 0.008969
2023.32 0.009078
2023.667 0.009187
2024.013 0.009297
2024.359 0.009406
2024.706 0.009515
2025.052 0.009625
2025.398 0.009734
2025.745 0.009844
2026.092 0.009954
2026.438 0.010064
2026.785 0.010174
2027.132 0.010284
2027.479 0.010394
2027.825 0.010504
2028.172 0.010614
2028.519 0.010725
2028.866 0.010835
2029.214 0.010946
2029.561 0.011057
2029.908 0.011167
2030.255 0.011279
2030.603 0.01139
2030.95 0.011517
2031.298 0.011647
2031.645 0.011777
2031.993 0.011907
2032.34 0.012037
2032.688 0.012167
2033.036 0.012298
2033.384 0.012428
2033.732 0.012559
2034.08 0.01269
2034.428 0.012821
2034.776 0.012952
2035.124 0.013083
2035.472 0.013214
2035.82 0.013346
2036.169 0.013477
2036.517 0.013609
2036.865 0.013741
2037.214 0.013872
2037.563 0.014004
2037.911 0.014137
2038.26 0.014269
2038.609 0.014401
2038.957 0.014534
2039.306 0.014666
2039.655 0.014799
2040.004 0.014932
2040.353 0.015065
2040.702 0.015199
2041.051 0.015339
2041.401 0.015479
2041.75 0.01562
2042.099 0.01576
2042.448 0.015901
2042.798 0.016042
2043.147 0.016182
2043.497 0.016323
2043.847 0.016465
2044.196 0.016606
2044.546 0.016747
2044.896 0.016889
2045.246 0.01703
2045.596 0.017172
2045.946 0.017314
2046.296 0.017456
2046.646 0.017598
2046.996 0.017741
2047.346 0.017883
2047.697 0.018026
2048.047 0.018168
2048.397 0.018311
2048.748 0.018454
2049.098 0.018597
2049.449 0.01874
2049.8 0.018884
2050.15 0.019028
2050.501 0.019173
2050.852 0.019314
2051.203 0.019454
2051.554 0.019593
2051.905 0.019733
2052.256 0.019873
2052.607 0.020013
2052.958 0.020153
2053.309 0.020293
2053.661 0.020434
2054.012 0.020574
2054.364 0.020715
2054.715 0.020856
2055.067 0.020997
2055.418 0.021138
2055.77 0.021279
2056.122 0.021421
2056.473 0.021562
2056.825 0.021704
2057.177 0.021846
2057.529 0.021988
2057.881 0.02213
2058.233 0.022272
2058.585 0.022415
2058.937 0.022557
2059.29 0.0227
2059.642 0.022843
2059.995 0.022986
2060.347 0.023129
2060.699 0.02327
2061.052 0.023397
2061.405 0.023525
2061.757 0.023652
2062.11 0.02378
2062.463 0.023908
2062.816 0.024036
2063.169 0.024164
2063.522 0.024292
2063.875 0.024421
2064.228 0.024549
2064.581 0.024678
2064.934 0.024806
2065.288 0.024935
2065.641 0.025064
2065.994 0.025193
2066.348 0.025322
2066.701 0.025452
2067.055 0.025581
2067.409 0.025711
2067.762 0.025841
2068.116 0.025971
2068.47 0.026101
2068.824 0.026231
2069.178 0.026361
2069.532 0.026491
2069.886 0.026622
2070.24 0.026752
2070.594 0.026882
2070.949 0.026998
2071.303 0.027111
2071.657 0.027225
2072.012 0.027338
2072.366 0.027452
2072.721 0.027565
2073.076 0.027679
2073.43 0.027793
2073.785 0.027907
2074.14 0.028021
2074.495 0.028135
2074.85 0.028249
2075.205 0.028364
2075.56 0.028478
2075.915 0.028593
2076.27 0.028707
2076.625 0.028822
2076.98 0.028937
2077.336 0.029052
2077.691 0.029167
2078.047 0.029282
2078.402 0.029398
2078.758 0.029513
2079.114 0.029629
2079.469 0.029744
2079.825 0.02986
2080.181 0.029976
2080.537 0.030093
2080.893 0.030198
2081.249 0.030297
2081.605 0.030397
2081.961 0.030496
2082.317 0.030595
2082.674 0.030694
2083.03 0.030794
2083.386 0.030893
2083.743 0.030993
2084.099 0.031092
2084.456 0.031192
2084.813 0.031292
2085.169 0.031392
2085.526 0.031492
2085.883 0.031592
2086.24 0.031693
2086.597 0.031793
2086.954 0.031894
2087.311 0.031994
2087.668 0.032095
2088.025 0.032196
2088.382 0.032296
2088.74 0.032397
2089.097 0.032498
2089.454 0.032599
2089.812 0.032701
2090.169 0.032802
2090.527 0.032903
2090.885 0.032997
2091.242 0.033086
2091.6 0.033175
2091.958 0.033263
2092.316 0.033353
2092.674 0.033442
2093.032 0.033531
2093.39 0.03362
2093.748 0.033709
2094.107 0.033799
2094.465 0.033888
2094.823 0.033978
2095.182 0.034068
2095.54 0.034157
2095.899 0.034247
2096.257 0.034337
2096.616 0.034427
2096.975 0.034517
2097.333 0.034608
2097.692 0.034698
2098.051 0.034788
2098.41 0.034879
2098.769 0.034969
2099.128 0.03506
2099.487 0.03515
2099.847 0.035241
2100.206 0.035348
2100.565 0.035466
2100.925 0.035579
2101.284 0.035691
2101.644 0.035803
2102.003 0.035915
2102.363 0.036028
2102.722 0.03614
2103.082 0.036253
2103.442 0.036366
2103.802 0.03648
2104.162 0.036593
2104.522 0.036707
2104.882 0.036821
2105.242 0.036935
2105.602 0.03705
2105.963 0.037165
2106.323 0.037279
2106.683 0.037395
2107.044 0.03751
2107.404 0.037626
2107.765 0.037741
2108.125 0.037857
2108.486 0.037974
2108.847 0.03809
2109.208 0.038207
2109.569 0.038324
2109.929 0.038441
2110.291 0.038558
2110.652 0.038675
2111.013 0.038787
2111.374 0.038898
2111.735 0.039009
2112.096 0.039121
2112.458 0.039233
2112.819 0.039345
2113.181 0.039457
2113.542 0.039569
2113.904 0.039682
2114.266 0.039795
2114.627 0.039908
2114.989 0.040021
2115.351 0.040134
2115.713 0.040248
2116.075 0.040362
2116.437 0.040476
2116.799 0.04059
2117.161 0.040705
2117.523 0.04082
2117.886 0.040935
2118.248 0.04105
2118.611 0.041165
2118.973 0.041281
2119.335 0.041397
2119.698 0.041513
2120.061 0.041629
2120.424 0.041744
2120.786 0.041857
2121.149 0.041969
2121.512 0.04208
2121.875 0.042192
2122.238 0.042304
2122.601 0.042416
2122.964 0.042529
2123.328 0.042641
2123.691 0.042754
2124.054 0.042867
2124.418 0.04298
2124.781 0.043093
2125.145 0.043207
2125.508 0.043321
2125.872 0.043435
2126.236 0.043549
2126.599 0.043663
2126.963 0.043778
2127.327 0.043893
2127.691 0.044008
2128.055 0.044123
2128.419 0.044238
2128.783 0.044354
2129.148 0.04447
2129.512 0.044586
2129.876 0.044702
2130.241 0.044819
2130.605 0.044937
2130.97 0.045051
2131.334 0.045164
2131.699 0.045278
2132.064 0.045391
2132.428 0.045505
2132.793 0.045619
2133.158 0.045733
2133.523 0.045848
2133.888 0.045962
2134.253 0.046077
2134.619 0.046192
2134.984 0.046308
2135.349 0.046423
2135.714 0.046539
2136.08 0.046655
2136.445 0.046771
2136.811 0.046887
2137.177 0.047003
2137.542 0.04712
2137.908 0.047237
2138.274 0.047354
2138.639 0.047471
2139.005 0.047589
2139.371 0.047707
2139.737 0.047825
2140.104 0.047943
2140.47 0.048061
2140.836 0.048175
2141.202 0.048285
2141.568 0.048394
2141.935 0.048504
2142.301 0.048614
2142.668 0.048725
2143.034 0.048835
2143.401 0.048946
2143.768 0.049057
2144.135 0.049168
2144.501 0.049279
2144.868 0.049391
2145.235 0.049502
2145.603 0.049614
2145.969 0.049726
2146.337 0.049838
2146.704 0.049951
2147.071 0.050063
2147.438 0.050176
2147.806 0.050289
2148.173 0.050402
2148.541 0.050516
2148.909 0.050629
2149.276 0.050743
2149.644 0.050857
2150.012 0.050971
2150.38 0.051085
2150.748 0.051197
2151.115 0.051301
2151.484 0.051405
2151.852 0.05151
2152.22 0.051614
2152.588 0.051719
2152.956 0.051824
2153.325 0.051929
2153.693 0.052034
2154.062 0.052139
2154.43 0.052245
2154.799 0.052351
2155.167 0.052456
2155.536 0.052562
2155.905 0.052669
2156.274 0.052775
2156.643 0.052881
2157.012 0.052988
2157.381 0.053095
2157.75 0.053202
2158.119 0.053309
2158.489 0.053417
2158.858 0.053524
2159.227 0.053632
2159.596 0.05374
2159.966 0.053848
2160.335 0.053954
2160.705 0.054059
2161.075 0.054154
2161.445 0.054248
2161.814 0.054343
2162.184 0.054438
2162.554 0.054532
2162.924 0.054627
2163.294 0.054723
2163.665 0.054818
2164.035 0.054913
2164.405 0.055009
2164.775 0.055104
2165.146 0.0552
2165.516 0.055296
2165.886 0.055392
2166.257 0.055489
2166.628 0.055585
2166.999 0.055681
2167.369 0.055778
2167.74 0.055875
2168.111 0.055972
2168.482 0.056069
2168.853 0.056166
2169.224 0.056263
2169.595 0.056361
2169.966 0.056458
2170.338 0.056558
2170.709 0.056656
2171.08 0.056742
2171.452 0.056829
2171.823 0.056915
2172.195 0.057002
2172.567 0.057088
2172.938 0.057175
2173.31 0.057262
2173.682 0.057349
2174.054 0.057436
2174.426 0.057524
2174.798 0.057611
2175.17 0.057698
2175.542 0.057786
2175.914 0.057874
2176.287 0.057962
2176.659 0.058049
2177.031 0.058138
2177.404 0.058226
2177.776 0.058314
2178.149 0.058402
2178.521 0.058491
2178.894 0.05858
2179.267 0.058668
2179.64 0.058757
2180.013 0.058846
2180.386 0.058935
2180.759 0.05902
2181.132 0.059094
2181.505 0.059167
2181.878 0.059241
2182.252 0.059315
2182.625 0.059389
2182.999 0.059462
2183.372 0.059536
2183.746 0.05961
2184.119 0.059684
2184.493 0.059759
2184.867 0.059833
2185.24 0.059907
2185.615 0.059982
2185.988 0.060056
2186.362 0.060131
2186.737 0.060205
2187.111 0.06028
2187.485 0.060355
2187.859 0.06043
2188.233 0.060505
2188.608 0.06058
2188.982 0.060655
2189.357 0.06073
2189.731 0.060806
2190.106 0.060881
2190.481 0.060956
2190.855 0.061026
2191.23 0.061092
2191.605 0.061158
2191.98 0.061224
2192.355 0.06129
2192.73 0.061356
2193.105 0.061422
2193.481 0.061488
2193.856 0.061554
2194.231 0.06162
2194.607 0.061687
2194.982 0.061753
2195.358 0.061819
2195.733 0.061886
2196.109 0.061952
2196.485 0.062019
2196.861 0.062085
2197.237 0.062152
2197.613 0.062219
2197.989 0.062286
2198.365 0.062352
2198.741 0.062419
2199.117 0.062486
2199.493 0.062553
2199.869 0.062621
2200.246 0.062691
2200.622 0.062763
2200.999 0.062827
2201.375 0.062891
2201.752 0.062954
2202.129 0.063017
2202.506 0.06308
2202.882 0.063144
2203.259 0.063207
2203.636 0.063271
2204.013 0.063334
2204.39 0.063397
2204.768 0.063461
2205.145 0.063525
2205.522 0.063588
2205.899 0.063652
2206.277 0.063716
2206.654 0.063779
2207.032 0.063843
2207.409 0.063907
2207.787 0.063971
2208.165 0.064035
2208.543 0.064099
2208.921 0.064163
2209.299 0.064227
2209.677 0.064291
2210.054 0.064355
2210.433 0.064421
2210.811 0.064485
2211.189 0.064543
2211.567 0.064601
2211.946 0.064659
2212.324 0.064718
2212.703 0.064776
2213.081 0.064834
2213.46 0.064893
2213.839 0.064951
2214.218 0.065009
2214.596 0.065068
2214.975 0.065126
2215.354 0.065185
2215.733 0.065243
2216.112 0.065302
2216.491 0.06536
2216.871 0.065419
2217.25 0.065478
2217.629 0.065536
2218.009 0.065595
2218.388 0.065654
2218.768 0.065712
2219.147 0.065771
2219.527 0.06583
2219.907 0.065889
2220.287 0.065947
2220.667 0.066005
2221.047 0.066059
2221.427 0.066113
2221.807 0.066167
2222.187 0.066221
2222.567 0.066275
2222.947 0.066328
2223.328 0.066382
2223.708 0.066436
2224.088 0.06649
2224.469 0.066544
2224.85 0.066598
2225.23 0.066652
2225.611 0.066706
2225.992 0.06676
2226.373 0.066814
2226.753 0.066868
2227.135 0.066922
2227.516 0.066976
2227.897 0.06703
2228.278 0.067084
2228.659 0.067138
2229.041 0.067192
2229.422 0.067246
2229.803 0.0673
2230.185 0.067348
2230.566 0.067388
2230.948 0.067428
2231.33 0.067469
2231.711 0.067509
2232.093 0.06755
2232.475 0.067591
2232.857 0.067632
2233.239 0.067672
2233.621 0.067713
2234.003 0.067754
2234.386 0.067794
2234.768 0.067835
2235.15 0.067876
2235.533 0.067916
2235.915 0.067957
2236.298 0.067997
2236.68 0.068038
2237.063 0.068079
2237.446 0.068119
2237.829 0.06816
2238.211 0.0682
2238.594 0.068241
2238.978 0.068282
2239.361 0.068322
2239.744 0.068363
2240.127 0.068402
2240.51 0.06844
2240.894 0.068477
2241.277 0.068516
2241.66 0.068555
2242.044 0.068593
2242.427 0.068632
2242.811 0.06867
2243.195 0.068709
2243.579 0.068747
2243.963 0.068786
2244.346 0.068824
2244.73 0.068863
2245.115 0.068901
2245.499 0.06894
2245.883 0.068978
2246.267 0.069017
2246.651 0.069055
2247.036 0.069094
2247.42 0.069132
2247.805 0.06917
2248.189 0.069209
2248.574 0.069247
2248.959 0.069286
2249.344 0.069324
2249.729 0.069362
2250.113 0.069401
2250.498 0.069441
2250.883 0.069482
2251.269 0.069525
2251.654 0.069567
2252.039 0.06961
2252.424 0.069652
2252.81 0.069694
2253.195 0.069737
2253.581 0.069779
2253.966 0.069821
2254.352 0.069864
2254.738 0.069906
2255.123 0.069948
2255.509 0.069991
2255.895 0.070033
2256.281 0.070076
2256.667 0.070118
2257.053 0.07016
2257.439 0.070203
2257.825 0.070245
2258.212 0.070287
2258.598 0.07033
2258.985 0.070372
2259.371 0.070414
2259.758 0.070457
2260.144 0.070499
2260.531 0.07054
2260.918 0.070584
2261.305 0.070631
2261.691 0.070677
2262.078 0.070724
2262.466 0.07077
2262.853 0.070816
2263.24 0.070863
2263.627 0.070909
2264.014 0.070956
2264.402 0.071002
2264.789 0.071049
2265.177 0.071095
2265.564 0.071142
2265.952 0.071188
2266.339 0.071235
2266.727 0.071281
2267.115 0.071328
2267.503 0.071374
2267.891 0.07142
2268.279 0.071467
2268.667 0.071514
2269.055 0.07156
2269.443 0.071607
2269.832 0.071653
2270.22 0.071699
2270.608 0.071745
2270.997 0.071795
2271.385 0.071846
2271.774 0.071898
2272.163 0.07195
2272.552 0.072001
2272.94 0.072053
2273.329 0.072104
2273.718 0.072156
2274.107 0.072207
2274.496 0.072259
2274.885 0.072311
2275.275 0.072362
2275.664 0.072414
2276.053 0.072466
2276.443 0.072517
2276.832 0.072569
2277.222 0.072621
2277.611 0.072672
2278.001 0.072724
2278.391 0.072776
2278.781 0.072828
2279.171 0.07288
2279.561 0.072931
2279.95 0.072983
2280.341 0.073032
2280.731 0.073081
2281.121 0.073131
2281.511 0.073181
2281.902 0.073231
2282.292 0.073281
2282.683 0.073332
2283.073 0.073382
2283.464 0.073432
2283.854 0.073483
2284.245 0.073533
2284.636 0.073583
2285.027 0.073634
2285.418 0.073684
2285.809 0.073734
2286.2 0.073785
2286.591 0.073835
2286.982 0.073885
2287.374 0.073936
2287.765 0.073986
2288.156 0.074037
2288.548 0.074087
2288.939 0.074138
2289.331 0.074188
2289.723 0.074239
2290.115 0.07429
2290.506 0.074342
2290.898 0.074398
2291.29 0.074458
2291.682 0.074518
2292.074 0.074578
2292.467 0.074637
2292.859 0.074697
2293.251 0.074757
2293.643 0.074817
2294.036 0.074877
2294.428 0.074937
2294.821 0.074997
2295.213 0.075057
2295.606 0.075117
2295.999 0.075177
2296.392 0.075237
2296.785 0.075297
2297.178 0.075357
2297.571 0.075417
2297.964 0.075478
2298.357 0.075538
2298.75 0.075598
2299.144 0.075658
2299.537 0.075719
2299.93 0.075779
2300.324 0.075825
2300.717 0.075868
2301.111 0.075911
2301.505 0.075955
2301.898 0.075998
2302.292 0.076042
2302.686 0.076086
2303.08 0.076129
2303.474 0.076173
2303.868 0.076217
2304.262 0.07626
2304.657 0.076304
2305.051 0.076348
2305.446 0.076391
2305.84 0.076435
2306.234 0.076479
2306.629 0.076523
2307.024 0.076567
2307.418 0.076611
2307.813 0.076654
2308.208 0.076698
2308.603 0.076742
2308.998 0.076786
2309.393 0.07683
2309.788 0.076874
2310.183 0.076918
2310.579 0.076961
2310.974 0.077006
2311.369 0.077052
2311.765 0.077097
2312.16 0.077143
2312.556 0.077189
2312.952 0.077234
2313.347 0.07728
2313.743 0.077326
2314.139 0.077371
2314.535 0.077417
2314.931 0.077463
2315.327 0.077509
2315.723 0.077555
2316.119 0.077601
2316.516 0.077647
2316.912 0.077692
2317.308 0.077738
2317.705 0.077784
2318.101 0.07783
2318.498 0.077876
2318.895 0.077922
2319.292 0.077968
2319.688 0.078014
2320.085 0.07806
2320.482 0.078102
2320.879 0.078145
2321.276 0.078188
2321.673 0.078231
2322.071 0.078274
2322.468 0.078317
2322.865 0.07836
2323.263 0.078403
2323.66 0.078447
2324.058 0.07849
2324.455 0.078533
2324.853 0.078576
2325.251 0.078619
2325.649 0.078662
2326.047 0.078706
2326.445 0.078749
2326.843 0.078792
2327.241 0.078836
2327.639 0.078879
2328.037 0.078922
2328.436 0.078966
2328.834 0.079009
2329.232 0.079052
2329.631 0.079096
2330.029 0.079139
2330.428 0.079185
2330.827 0.079231
2331.226 0.079276
2331.625 0.079322
2332.023 0.079367
2332.422 0.079413
2332.822 0.079459
2333.22 0.079504
2333.62 0.07955
2334.019 0.079595
2334.418 0.079641
2334.818 0.079687
2335.217 0.079732
2335.617 0.079778
2336.016 0.079824
2336.416 0.07987
2336.816 0.079916
2337.216 0.079961
2337.615 0.080007
2338.015 0.080053
2338.416 0.080099
2338.816 0.080145
2339.216 0.080191
2339.616 0.080237
2340.016 0.080283
2340.417 0.080328
2340.817 0.080373
2341.218 0.080416
2341.618 0.080459
2342.019 0.080503
2342.419 0.080546
2342.82 0.080589
2343.221 0.080632
2343.622 0.080676
2344.023 0.080719
2344.424 0.080762
2344.825 0.080805
2345.226 0.080849
2345.628 0.080892
2346.029 0.080936
2346.43 0.080979
2346.832 0.081022
2347.233 0.081066
2347.635 0.081109
2348.037 0.081153
2348.438 0.081196
2348.84 0.08124
2349.242 0.081283
2349.644 0.081327
2350.046 0.08137
2350.448 0.081414
2350.85 0.081455
2351.252 0.081493
2351.655 0.08153
2352.057 0.081568
2352.459 0.081606
2352.862 0.081644
2353.264 0.081682
2353.667 0.08172
2354.07 0.081757
2354.473 0.081795
2354.875 0.081833
2355.278 0.081871
2355.681 0.081909
2356.084 0.081947
2356.488 0.081985
2356.891 0.082023
2357.294 0.082061
2357.697 0.082099
2358.101 0.082137
2358.504 0.082175
2358.908 0.082213
2359.311 0.082251
2359.715 0.082289
2360.119 0.082326
2360.522 0.08236
2360.926 0.082392
2361.33 0.082421
2361.734 0.082451
2362.138 0.08248
2362.542 0.082509
2362.947 0.082539
2363.351 0.082568
2363.755 0.082597
2364.16 0.082627
2364.564 0.082656
2364.969 0.082686
2365.374 0.082715
2365.778 0.082744
2366.183 0.082774
2366.588 0.082803
2366.993 0.082832
2367.398 0.082862
2367.803 0.082891
2368.208 0.082921
2368.613 0.08295
2369.018 0.082979
2369.424 0.083009
2369.829 0.083038
2370.234 0.083069
2370.64 0.083101
2371.046 0.083128
2371.451 0.083154
2371.857 0.08318
2372.263 0.083206
2372.669 0.083232
2373.075 0.083258
2373.481 0.083284
2373.887 0.08331
2374.293 0.083336
2374.699 0.083362
2375.105 0.083388
2375.512 0.083414
2375.918 0.08344
2376.325 0.083466
2376.731 0.083492
2377.138 0.083518
2377.545 0.083544
2377.951 0.08357
2378.358 0.083596
2378.765 0.083622
2379.172 0.083648
2379.579 0.083674
2379.987 0.083699
2380.394 0.083725
2380.801 0.083749
2381.208 0.083768
2381.616 0.083787
2382.023 0.083806
2382.431 0.083825
2382.838 0.083844
2383.246 0.083863
2383.654 0.083882
2384.062 0.083901
2384.469 0.08392
2384.877 0.083938
2385.286 0.083957
2385.694 0.083976
2386.102 0.083995
2386.51 0.084014
2386.918 0.084033
2387.327 0.084051
2387.735 0.08407
2388.144 0.084089
2388.552 0.084108
2388.961 0.084126
2389.37 0.084145
2389.779 0.084164
2390.188 0.084181
2390.596 0.084196
2391.005 0.084206
2391.415 0.084213
2391.824 0.08422
2392.233 0.084227
2392.642 0.084234
2393.052 0.084241
2393.461 0.084248
2393.871 0.084255
2394.28 0.084262
2394.69 0.084269
2395.099 0.084276
2395.509 0.084283
2395.919 0.08429
2396.329 0.084297
2396.739 0.084303
2397.149 0.08431
2397.559 0.084317
2397.969 0.084324
2398.38 0.084331
2398.79 0.084337
2399.2 0.084344
2399.611 0.084351
2400.021 0.084355
2400.432 0.08432
2400.843 0.084283
2401.254 0.084241
2401.665 0.084199
2402.075 0.084156
2402.486 0.084114
2402.897 0.084072
2403.309 0.084029
2403.72 0.083987
2404.131 0.083945
2404.542 0.083902
2404.954 0.08386
2405.365 0.083818
2405.777 0.083775
2406.188 0.083733
2406.6 0.08369
2407.012 0.083648
2407.424 0.083606
2407.835 0.083563
2408.248 0.083521
2408.66 0.083478
2409.072 0.083436
2409.484 0.083394
2409.896 0.083351
2410.308 0.083308
2410.721 0.083266
2411.133 0.083215
2411.546 0.083163
2411.958 0.083112
2412.371 0.083061
2412.784 0.083009
2413.197 0.082958
2413.61 0.082907
2414.022 0.082855
2414.436 0.082804
2414.849 0.082753
2415.262 0.082701
2415.675 0.08265
2416.088 0.082599
2416.502 0.082547
2416.915 0.082496
2417.329 0.082444
2417.742 0.082393
2418.156 0.082342
2418.57 0.08229
2418.983 0.082239
2419.397 0.082187
2419.811 0.082136
2420.225 0.082084
2420.639 0.082033
2421.053 0.081977
2421.468 0.08192
2421.882 0.081863
2422.296 0.081806
2422.711 0.081748
2423.125 0.081691
2423.54 0.081634
2423.955 0.081577
2424.369 0.08152
2424.784 0.081463
2425.199 0.081406
2425.614 0.081349
2426.029 0.081292
2426.444 0.081234
2426.859 0.081177
2427.274 0.08112
2427.69 0.081063
2428.105 0.081006
2428.521 0.080948
2428.936 0.080891
2429.352 0.080834
2429.767 0.080777
2430.183 0.080716
2430.599 0.080651
2431.015 0.080579
2431.431 0.080505
2431.846 0.080431
2432.263 0.080356
2432.679 0.080282
2433.095 0.080207
2433.511 0.080133
2433.928 0.080059
2434.344 0.079984
2434.76 0.07991
2435.177 0.079836
2435.594 0.079761
2436.01 0.079687
2436.427 0.079613
2436.844 0.079538
2437.261 0.079464
2437.678 0.07939
2438.095 0.079315
2438.512 0.079241
2438.929 0.079167
2439.347 0.079092
2439.764 0.079018
2440.182 0.078945
2440.599 0.078874
2441.017 0.0788
2441.434 0.078725
2441.852 0.078651
2442.27 0.078576
2442.688 0.078502
2443.106 0.078427
2443.524 0.078352
2443.942 0.078278
2444.36 0.078203
2444.778 0.078129
2445.196 0.078054
2445.615 0.077979
2446.033 0.077905
2446.452 0.07783
2446.87 0.077755
2447.289 0.077681
2447.708 0.077606
2448.126 0.077532
2448.545 0.077457
2448.964 0.077382
2449.383 0.077308
2449.802 0.077233
2450.221 0.077158
2450.641 0.077084
2451.06 0.077004
2451.479 0.076924
2451.899 0.076843
2452.318 0.076762
2452.738 0.076681
2453.157 0.0766
2453.577 0.07652
2453.997 0.076439
2454.417 0.076358
2454.837 0.076277
2455.257 0.076196
2455.677 0.076116
2456.097 0.076035
2456.517 0.075954
2456.937 0.075873
2457.358 0.075793
2457.778 0.075712
2458.199 0.075631
2458.619 0.07555
2459.04 0.075469
2459.461 0.075389
2459.882 0.075308
2460.302 0.075225
2460.723 0.075141
2461.145 0.075052
2461.565 0.074962
2461.987 0.074872
2462.408 0.074783
2462.829 0.074693
2463.25 0.074603
2463.672 0.074514
2464.094 0.074424
2464.515 0.074334
2464.937 0.074245
2465.359 0.074155
2465.78 0.074065
2466.202 0.073976
2466.624 0.073886
2467.046 0.073796
2467.468 0.073707
2467.891 0.073617
2468.313 0.073528
2468.735 0.073438
2469.157 0.073348
2469.58 0.073259
2470.002 0.073169
2470.425 0.073083
2470.848 0.072995
2471.271 0.072904
2471.693 0.072814
2472.116 0.072723
2472.539 0.072633
2472.962 0.072542
2473.385 0.072452
2473.809 0.072361
2474.232 0.07227
2474.655 0.07218
2475.078 0.072089
2475.502 0.071999
2475.926 0.071908
2476.349 0.071818
2476.773 0.071727
2477.197 0.071637
2477.62 0.071546
2478.044 0.071456
2478.468 0.071365
2478.892 0.071274
2479.316 0.071184
2479.741 0.071093
2480.165 0.071003
2480.589 0.070912
2481.014 0.07082
2481.438 0.070727
2481.863 0.070634
2482.287 0.07054
2482.712 0.070447
2483.137 0.070354
2483.562 0.070261
2483.987 0.070167
2484.412 0.070074
2484.837 0.069981
2485.262 0.069888
2485.687 0.069795
2486.112 0.069701
2486.538 0.069608
2486.963 0.069515
2487.389 0.069422
2487.814 0.069329
2488.24 0.069235
2488.666 0.069142
2489.091 0.069049
2489.517 0.068956
2489.943 0.068862
2490.369 0.068767
2490.795 0.068671
2491.221 0.068571
2491.648 0.068471
2492.074 0.068372
2492.5 0.068272
2492.927 0.068172
2493.353 0.068073
2493.78 0.067973
2494.207 0.067874
2494.633 0.067774
2495.06 0.067674
2495.487 0.067575
2495.914 0.067475
2496.341 0.067376
2496.768 0.067276
2497.195 0.067177
2497.623 0.067077
2498.05 0.066978
2498.477 0.066878
2498.905 0.066779
2499.332 0.066679
2499.76 0.06658
2500.188 0.066477
2500.615 0.06637
2501.043 0.066262
2501.471 0.066153
2501.899 0.066043
2502.327 0.065934
2502.755 0.065825
2503.184 0.065716
2503.612 0.065606
2504.04 0.065497
2504.469 0.065388
2504.897 0.065279
2505.326 0.06517
2505.754 0.065061
2506.183 0.064952
2506.612 0.064843
2507.041 0.064734
2507.47 0.064625
2507.899 0.064516
2508.328 0.064407
2508.757 0.064298
2509.186 0.064189
2509.615 0.06408
2510.045 0.063971
2510.474 0.063863
2510.904 0.063753
2511.333 0.063641
2511.763 0.06353
2512.193 0.063418
2512.623 0.063307
2513.053 0.063195
2513.483 0.063084
2513.913 0.062972
2514.343 0.062861
2514.773 0.06275
2515.203 0.062638
2515.634 0.062527
2516.064 0.062416
2516.494 0.062304
2516.925 0.062193
2517.356 0.062082
2517.786 0.061971
2518.217 0.061859
2518.648 0.061748
2519.079 0.061637
2519.51 0.061526
2519.941 0.061415
2520.372 0.061302
2520.803 0.061188
2521.235 0.061071
2521.666 0.060955
2522.097 0.060838
2522.529 0.060721
2522.961 0.060604
2523.392 0.060488
2523.824 0.060371
2524.256 0.060254
2524.688 0.060138
2525.12 0.060021
2525.552 0.059905
2525.984 0.059788
2526.416 0.059672
2526.848 0.059556
2527.281 0.059439
2527.713 0.059323
2528.146 0.059207
2528.578 0.059091
2529.011 0.058974
2529.443 0.058858
2529.876 0.058742
2530.309 0.058628
2530.742 0.058514
2531.175 0.058398
2531.608 0.058281
2532.041 0.058165
2532.474 0.058048
2532.907 0.057932
2533.341 0.057816
2533.774 0.057699
2534.208 0.057583
2534.642 0.057467
2535.075 0.05735
2535.509 0.057234
2535.943 0.057118
2536.377 0.057002
2536.811 0.056886
2537.245 0.05677
2537.679 0.056653
2538.113 0.056537
2538.547 0.056421
2538.981 0.056305
2539.416 0.05619
2539.85 0.056074
2540.285 0.055958
2540.719 0.055842
2541.154 0.055725
2541.589 0.055607
2542.024 0.05549
2542.459 0.055372
2542.894 0.055255
2543.329 0.055137
2543.764 0.05502
2544.199 0.054903
2544.635 0.054786
2545.07 0.054668
2545.505 0.054551
2545.941 0.054434
2546.376 0.054317
2546.812 0.0542
2547.248 0.054083
2547.684 0.053966
2548.12 0.053849
2548.556 0.053732
2548.992 0.053615
2549.428 0.053498
2549.864 0.053381
2550.3 0.053263
2550.737 0.053144
2551.173 0.053024
2551.609 0.052904
2552.046 0.052785
2552.483 0.052665
2552.919 0.052546
2553.356 0.052426
2553.793 0.052307
2554.23 0.052187
2554.667 0.052068
2555.104 0.051949
2555.541 0.051829
2555.979 0.05171
2556.416 0.051591
2556.853 0.051472
2557.291 0.051353
2557.728 0.051234
2558.166 0.051115
2558.604 0.050996
2559.041 0.050877
2559.479 0.050758
2559.917 0.050639
2560.355 0.050522
2560.793 0.050405
2561.231 0.050285
2561.669 0.050166
2562.108 0.050046
2562.546 0.049926
2562.985 0.049807
2563.423 0.049687
2563.862 0.049568
2564.3 0.049448
2564.739 0.049329
2565.178 0.049209
2565.617 0.04909
2566.056 0.04897
2566.495 0.048851
2566.934 0.048732
2567.373 0.048613
2567.812 0.048493
2568.252 0.048374
2568.691 0.048255
2569.131 0.048136
2569.57 0.048017
2570.01 0.047898
2570.449 0.047779
2570.889 0.04766
2571.329 0.047541
2571.769 0.047422
2572.209 0.047304
2572.649 0.047185
2573.089 0.047066
2573.53 0.046947
2573.97 0.046829
2574.41 0.04671
2574.851 0.046592
2575.291 0.046473
2575.732 0.046355
2576.173 0.046236
2576.613 0.046118
2577.054 0.045999
2577.495 0.045881
2577.936 0.045763
2578.377 0.045644
2578.818 0.045526
2579.26 0.045408
2579.701 0.04529
2580.142 0.045171
2580.584 0.045051
2581.025 0.044932
2581.467 0.044813
2581.908 0.044694
2582.35 0.044575
2582.792 0.044456
2583.234 0.044337
2583.676 0.044218
2584.118 0.044099
2584.56 0.04398
2585.002 0.043861
2585.445 0.043743
2585.887 0.043624
2586.329 0.043505
2586.772 0.043387
2587.214 0.043268
2587.657 0.04315
2588.1 0.043031
2588.543 0.042913
2588.986 0.042795
2589.428 0.042676
2589.872 0.042558
2590.315 0.042441
2590.758 0.042325
2591.201 0.042207
2591.645 0.04209
2592.088 0.041972
2592.531 0.041855
2592.975 0.041737
2593.418 0.04162
2593.862 0.041502
2594.306 0.041385
2594.75 0.041268
2595.194 0.041151
2595.638 0.041033
2596.082 0.040916
2596.526 0.040799
2596.97 0.040682
2597.415 0.040565
2597.859 0.040448
2598.304 0.040331
2598.748 0.040214
2599.193 0.040097
2599.637 0.03998
2600.082 0.039862
2600.527 0.039736
2600.972 0.039611
2601.417 0.039486
2601.862 0.039361
2602.307 0.039236
2602.753 0.039111
2603.198 0.038987
2603.643 0.038862
2604.089 0.038738
2604.534 0.038613
2604.98 0.038489
2605.426 0.038364
2605.872 0.03824
2606.317 0.038116
2606.763 0.037992
2607.209 0.037868
2607.655 0.037744
2608.102 0.03762
2608.548 0.037497
2608.994 0.037373
2609.44 0.037249
2609.887 0.037126
2610.333 0.037001
2610.78 0.036877
2611.227 0.036757
2611.674 0.036637
2612.12 0.036517
2612.567 0.036397
2613.014 0.036278
2613.461 0.036158
2613.908 0.036039
2614.356 0.035919
2614.803 0.0358
2615.25 0.035681
2615.698 0.035562
2616.145 0.035443
2616.593 0.035324
2617.041 0.035205
2617.488 0.035086
2617.936 0.034967
2618.384 0.034849
2618.832 0.03473
2619.28 0.034612
2619.728 0.034493
2620.177 0.034376
2620.625 0.034259
2621.073 0.034142
2621.522 0.034024
2621.97 0.033907
2622.419 0.03379
2622.867 0.033673
2623.316 0.033556
2623.765 0.033439
2624.214 0.033322
2624.663 0.033205
2625.112 0.033088
2625.561 0.032972
2626.01 0.032855
2626.46 0.032738
2626.909 0.032622
2627.359 0.032506
2627.808 0.032389
2628.258 0.032273
2628.707 0.032157
2629.157 0.032041
2629.607 0.031925
2630.057 0.031809
2630.507 0.031694
2630.957 0.03158
2631.407 0.031467
2631.857 0.031353
2632.308 0.03124
2632.758 0.031127
2633.208 0.031014
2633.659 0.030901
2634.11 0.030788
2634.56 0.030675
2635.011 0.030562
2635.462 0.030449
2635.913 0.030337
2636.364 0.030224
2636.815 0.030112
2637.266 0.029999
2637.717 0.029887
2638.168 0.029775
2638.62 0.029662
2639.071 0.02955
2639.523 0.029438
2639.974 0.029326
2640.426 0.029213
2640.878 0.029101
2641.33 0.028992
2641.782 0.028882
2642.234 0.028773
2642.686 0.028664
2643.138 0.028555
2643.59 0.028446
2644.042 0.028337
2644.495 0.028229
2644.947 0.02812
2645.4 0.028011
2645.852 0.027903
2646.305 0.027794
2646.758 0.027686
2647.211 0.027578
2647.664 0.02747
2648.117 0.027361
2648.57 0.027253
2649.023 0.027146
2649.476 0.027038
2649.929 0.02693
2650.383 0.026823
2650.836 0.026717
2651.29 0.026616
2651.743 0.026516
2652.197 0.026415
2652.651 0.026314
2653.105 0.026213
2653.559 0.026113
2654.013 0.026012
2654.467 0.025912
2654.921 0.025812
2655.375 0.025711
2655.83 0.025611
2656.284 0.025511
2656.738 0.025411
2657.193 0.025311
2657.647 0.025211
2658.102 0.025111
2658.557 0.025011
2659.012 0.024911
2659.467 0.024812
2659.922 0.024712
2660.377 0.024613
2660.832 0.024514
2661.287 0.024418
2661.743 0.024322
2662.198 0.024225
2662.654 0.02413
2663.109 0.024034
2663.565 0.023938
2664.021 0.023842
2664.476 0.023747
2664.932 0.023651
2665.388 0.023556
2665.844 0.02346
2666.3 0.023365
2666.757 0.023269
2667.213 0.023174
2667.669 0.023079
2668.125 0.022984
2668.582 0.022889
2669.039 0.022794
2669.495 0.022699
2669.952 0.022604
2670.409 0.022509
2670.866 0.022413
2671.323 0.022319
2671.78 0.022225
2672.237 0.022131
2672.694 0.022036
2673.151 0.021942
2673.609 0.021848
2674.066 0.021754
2674.524 0.02166
2674.981 0.021567
2675.439 0.021473
2675.897 0.021379
2676.354 0.021286
2676.812 0.021192
2677.271 0.021099
2677.729 0.021006
2678.187 0.020912
2678.645 0.020819
2679.103 0.020726
2679.562 0.020633
2680.02 0.02054
2680.479 0.020448
2680.937 0.020357
2681.396 0.020268
2681.855 0.020179
2682.313 0.02009
2682.772 0.020002
2683.231 0.019913
2683.69 0.019824
2684.15 0.019735
2684.609 0.019647
2685.068 0.019558
2685.528 0.01947
2685.987 0.019382
2686.447 0.019293
2686.906 0.019205
2687.366 0.019117
2687.826 0.019029
2688.286 0.018941
2688.746 0.018853
2689.206 0.018765
2689.666 0.018677
2690.126 0.01859
2690.586 0.018502
2691.047 0.018417
2691.507 0.018335
2691.968 0.018253
2692.428 0.018171
2692.889 0.018089
2693.349 0.018007
2693.81 0.017925
2694.271 0.017843
2694.732 0.017761
2695.193 0.017679
2695.654 0.017598
2696.115 0.017516
2696.577 0.017434
2697.038 0.017353
2697.5 0.017272
2697.961 0.01719
2698.423 0.017109
2698.885 0.017028
2699.346 0.016947
2699.808 0.016866
2700.27 0.01679
2700.732 0.016718
2701.194 0.01665
2701.656 0.016583
2702.118 0.016517
2702.581 0.01645
2703.043 0.016383
2703.506 0.016316
2703.968 0.01625
2704.431 0.016183
2704.894 0.016116
2705.356 0.016049
2705.819 0.015983
2706.282 0.015916
2706.745 0.015849
2707.208 0.015782
2707.672 0.015716
2708.135 0.015649
2708.598 0.015582
2709.062 0.015515
2709.525 0.015448
2709.989 0.015382
2710.452 0.015315
2710.916 0.01525
2711.38 0.015187
2711.844 0.015125
2712.308 0.015062
2712.772 0.014999
2713.236 0.014936
2713.7 0.014873
2714.165 0.014811
2714.629 0.014748
2715.093 0.014685
2715.558 0.014622
2716.022 0.014559
2716.487 0.014496
2716.952 0.014433
2717.417 0.01437
2717.882 0.014308
2718.347 0.014245
2718.812 0.014182
2719.277 0.014119
2719.742 0.014056
2720.208 0.013993
2720.673 0.01393
2721.138 0.013871
2721.604 0.013813
2722.07 0.013754
2722.535 0.013696
2723.001 0.013638
2723.467 0.01358
2723.933 0.013522
2724.399 0.013464
2724.865 0.013406
2725.332 0.013348
2725.798 0.01329
2726.264 0.013232
2726.731 0.013174
2727.197 0.013116
2727.664 0.013058
2728.13 0.012999
2728.597 0.012941
2729.064 0.012883
2729.531 0.012825
2729.998 0.012767
2730.465 0.012708
2730.932 0.01265
2731.4 0.012593
2731.867 0.012536
2732.334 0.012479
2732.802 0.012422
2733.269 0.012365
2733.737 0.012308
2734.205 0.012251
2734.673 0.012194
2735.14 0.012137
2735.608 0.01208
2736.076 0.012023
2736.544 0.011966
2737.013 0.011909
2737.481 0.011852
2737.949 0.011795
2738.418 0.011738
2738.886 0.011681
2739.355 0.011624
2739.824 0.011566
2740.292 0.01151
2740.761 0.011453
2741.23 0.011402
2741.699 0.01135
2742.168 0.011299
2742.637 0.011248
2743.107 0.011197
2743.576 0.011146
2744.045 0.011095
2744.515 0.011043
2744.985 0.010992
2745.454 0.010941
2745.924 0.01089
2746.394 0.010839
2746.864 0.010788
2747.334 0.010736
2747.804 0.010685
2748.274 0.010634
2748.744 0.010583
2749.214 0.010531
2749.685 0.01048
2750.155 0.010429
2750.626 0.010377
2751.096 0.010325
2751.567 0.010272
2752.038 0.010219
2752.509 0.010167
2752.979 0.010114
2753.451 0.010061
2753.922 0.010008
2754.393 0.009956
2754.864 0.009903
2755.335 0.00985
2755.807 0.009797
2756.278 0.009745
2756.75 0.009692
2757.222 0.009639
2757.693 0.009586
2758.165 0.009534
2758.637 0.009481
2759.109 0.009428
2759.581 0.009375
2760.053 0.009322
2760.526 0.00927
2760.998 0.00922
2761.47 0.009173
2761.943 0.009127
2762.415 0.00908
2762.888 0.009034
2763.361 0.008987
2763.833 0.008941
2764.306 0.008894
2764.779 0.008847
2765.252 0.008801
2765.725 0.008754
2766.199 0.008708
2766.672 0.008661
2767.145 0.008614
2767.619 0.008568
2768.092 0.008521
2768.566 0.008475
2769.04 0.008428
2769.513 0.008381
2769.987 0.008335
2770.461 0.008288
2770.935 0.008244
2771.409 0.00821
2771.883 0.008175
2772.358 0.008141
2772.832 0.008106
2773.306 0.008071
2773.781 0.008037
2774.255 0.008002
2774.73 0.007968
2775.205 0.007933
2775.68 0.007899
2776.155 0.007864
2776.63 0.007829
2777.105 0.007795
2777.58 0.00776
2778.055 0.007725
2778.53 0.007691
2779.006 0.007656
2779.481 0.007622
2779.957 0.007587
2780.432 0.007552
2780.908 0.007517
2781.384 0.007484
2781.86 0.00745
2782.336 0.007416
2782.812 0.007382
2783.288 0.007349
2783.764 0.007315
2784.24 0.007281
2784.717 0.007247
2785.193 0.007213
2785.67 0.00718
2786.146 0.007146
2786.623 0.007112
2787.1 0.007078
2787.577 0.007045
2788.054 0.007011
2788.531 0.006977
2789.008 0.006943
2789.485 0.00691
2789.962 0.006876
2790.439 0.006842
2790.917 0.006808
2791.395 0.006771
2791.872 0.006734
2792.35 0.006696
2792.827 0.006659
2793.305 0.006622
2793.783 0.006585
2794.261 0.006547
2794.739 0.00651
2795.218 0.006473
2795.696 0.006436
2796.174 0.006398
2796.653 0.006361
2797.131 0.006324
2797.61 0.006286
2798.088 0.006249
2798.567 0.006212
2799.046 0.006175
2799.525 0.006137
2800.004 0.0061
2800.483 0.006064
2800.962 0.006031
2801.441 0.006004
2801.92 0.005978
2802.4 0.005951
2802.879 0.005925
2803.359 0.005898
2803.838 0.005872
2804.318 0.005845
2804.798 0.005818
2805.278 0.005792
2805.758 0.005765
2806.238 0.005739
2806.718 0.005712
2807.198 0.005685
2807.678 0.005659
2808.159 0.005632
2808.639 0.005605
2809.12 0.005578
2809.601 0.005551
2810.081 0.005525
2810.562 0.005498
2811.043 0.005468
2811.524 0.005435
2812.005 0.005401
2812.486 0.005368
2812.967 0.005335
2813.448 0.005302
2813.93 0.005268
2814.411 0.005235
2814.893 0.005202
2815.375 0.005168
2815.856 0.005135
2816.338 0.005102
2816.82 0.005068
2817.302 0.005035
2817.784 0.005001
2818.266 0.004968
2818.748 0.004935
2819.23 0.004901
2819.713 0.004868
2820.195 0.004834
2820.678 0.004801
2821.16 0.00477
2821.643 0.004741
2822.126 0.004712
2822.609 0.004683
2823.092 0.004653
2823.574 0.004624
2824.058 0.004595
2824.541 0.004566
2825.024 0.004536
2825.507 0.004507
2825.991 0.004478
2826.474 0.004448
2826.958 0.004419
2827.442 0.004389
2827.925 0.00436
2828.409 0.00433
2828.893 0.004301
2829.377 0.004271
2829.861 0.004242
2830.345 0.004212
2830.83 0.004182
2831.314 0.004174
2831.798 0.004166
2832.283 0.004158
2832.768 0.00415
2833.252 0.004142
2833.737 0.004134
2834.222 0.004126
2834.707 0.004118
2835.192 0.00411
2835.677 0.004102
2836.162 0.004094
2836.647 0.004086
2837.133 0.004078
2837.618 0.00407
2838.104 0.004062
2838.589 0.004054
2839.075 0.004046
2839.561 0.004038
2840.046 0.00403
2840.532 0.004022
2841.018 0.004008
2841.504 0.003984
2841.99 0.00396
2842.477 0.003936
2842.963 0.003911
2843.449 0.003887
2843.936 0.003863
2844.423 0.003839
2844.909 0.003815
2845.396 0.00379
2845.883 0.003766
2846.37 0.003742
2846.857 0.003718
2847.344 0.003693
2847.831 0.003669
2848.318 0.003645
2848.805 0.00362
2849.293 0.003596
2849.781 0.003572
2850.268 0.003547
2850.756 0.003523
2851.243 0.00351
2851.731 0.003501
2852.219 0.003491
2852.707 0.003481
2853.195 0.003471
2853.683 0.003461
2854.172 0.003451
2854.66 0.003441
2855.148 0.003431
2855.637 0.003421
2856.125 0.003411
2856.614 0.003401
2857.103 0.003391
2857.592 0.003381
2858.081 0.003371
2858.57 0.003361
2859.059 0.003351
2859.548 0.003341
2860.037 0.003331
2860.527 0.003321
2861.016 0.003302
2861.505 0.003269
2861.995 0.003236
2862.485 0.003203
2862.974 0.003169
2863.464 0.003136
2863.954 0.003102
2864.444 0.003069
2864.934 0.003036
2865.425 0.003002
2865.915 0.002969
2866.405 0.002935
2866.896 0.002902
2867.386 0.002869
2867.877 0.002835
2868.367 0.002802
2868.858 0.002768
2869.349 0.002735
2869.84 0.002701
2870.331 0.002668
2870.822 0.002634
2871.313 0.002621
2871.804 0.00261
2872.296 0.002598
2872.787 0.002586
2873.279 0.002574
2873.77 0.002562
2874.262 0.002551
2874.754 0.002539
2875.246 0.002527
2875.738 0.002515
2876.229 0.002503
2876.722 0.002491
2877.214 0.002479
2877.706 0.002468
2878.198 0.002456
2878.691 0.002444
2879.184 0.002432
2879.676 0.00242
2880.169 0.002408
2880.662 0.002396
2881.155 0.002383
2881.647 0.002371
2882.14 0.002358
2882.634 0.002345
2883.127 0.002332
2883.62 0.002319
2884.114 0.002306
2884.607 0.002293
2885.1 0.00228
2885.594 0.002268
2886.088 0.002255
2886.582 0.002242
2887.075 0.002229
2887.569 0.002216
2888.063 0.002203
2888.558 0.00219
2889.052 0.002177
2889.546 0.002164
2890.041 0.002151
2890.535 0.002138
2891.03 0.002127
2891.524 0.002117
2892.019 0.002107
2892.514 0.002097
2893.009 0.002087
2893.503 0.002077
2893.999 0.002067
2894.494 0.002058
2894.989 0.002048
2895.484 0.002038
2895.98 0.002028
2896.475 0.002018
2896.971 0.002008
2897.466 0.001998
2897.962 0.001988
2898.458 0.001978
2898.954 0.001969
2899.45 0.001959
2899.946 0.001949
2900.442 0.001939
2900.938 0.00193
2901.435 0.001921
2901.931 0.001912
2902.428 0.001903
2902.924 0.001894
2903.421 0.001885
2903.918 0.001876
2904.415 0.001867
2904.911 0.001858
2905.408 0.001849
2905.906 0.00184
2906.403 0.00183
2906.9 0.001821
2907.397 0.001812
2907.895 0.001803
2908.392 0.001794
2908.89 0.001785
2909.388 0.001776
2909.885 0.001767
2910.383 0.001758
2910.881 0.001748
2911.379 0.001741
2911.877 0.001734
2912.375 0.001727
2912.874 0.00172
2913.372 0.001712
2913.871 0.001705
2914.369 0.001698
2914.868 0.001691
2915.367 0.001684
2915.865 0.001676
2916.364 0.001669
2916.863 0.001662
2917.362 0.001655
2917.862 0.001647
2918.361 0.00164
2918.86 0.001633
2919.359 0.001625
2919.859 0.001618
2920.358 0.001611
2920.858 0.001604
2921.358 0.001593
2921.858 0.001583
2922.358 0.001572
2922.858 0.001562
2923.358 0.001551
2923.858 0.001541
2924.358 0.00153
2924.858 0.00152
2925.359 0.001509
2925.859 0.001499
2926.36 0.001488
2926.861 0.001478
2927.362 0.001467
2927.862 0.001457
2928.363 0.001446
2928.864 0.001436
2929.365 0.001425
2929.867 0.001414
2930.368 0.001404
2930.869 0.001393
2931.371 0.001387
2931.872 0.001382
2932.374 0.001376
2932.875 0.00137
2933.377 0.001364
2933.879 0.001358
2934.381 0.001353
2934.883 0.001347
2935.385 0.001341
2935.888 0.001335
2936.39 0.001329
2936.892 0.001324
2937.395 0.001318
2937.897 0.001312
2938.4 0.001306
2938.903 0.0013
2939.406 0.001294
2939.909 0.001288
2940.412 0.001283
2940.915 0.001277
2941.418 0.001274
2941.921 0.001271
2942.425 0.001268
2942.928 0.001264
2943.431 0.001261
2943.935 0.001258
2944.439 0.001255
2944.943 0.001252
2945.446 0.001248
2945.95 0.001245
2946.454 0.001242
2946.958 0.001239
2947.463 0.001235
2947.967 0.001232
2948.471 0.001229
2948.976 0.001226
2949.48 0.001223
2949.985 0.001219
2950.49 0.001216
2950.995 0.001212
2951.5 0.001206
2952.004 0.001199
2952.51 0.001193
2953.015 0.001187
2953.52 0.00118
2954.025 0.001174
2954.531 0.001167
2955.036 0.001161
2955.542 0.001155
2956.047 0.001148
2956.553 0.001142
2957.059 0.001136
2957.565 0.001129
2958.071 0.001123
2958.577 0.001116
2959.083 0.00111
2959.59 0.001103
2960.096 0.001097
2960.603 0.00109
2961.109 0.001084
2961.616 0.001078
2962.122 0.001072
2962.629 0.001066
2963.136 0.00106
2963.643 0.001054
2964.15 0.001048
2964.657 0.001042
2965.165 0.001036
2965.672 0.001029
2966.179 0.001023
2966.687 0.001017
2967.194 0.001011
2967.702 0.001005
2968.21 0.000999
2968.718 0.000993
2969.226 0.000987
2969.733 0.00098
2970.242 0.000974
2970.75 0.000968
2971.258 0.000962
2971.766 0.000955
2972.275 0.000948
2972.783 0.000941
2973.292 0.000934
2973.801 0.000927
2974.31 0.00092
2974.818 0.000913
2975.327 0.000906
2975.836 0.000899
2976.346 0.000893
2976.855 0.000886
2977.364 0.000879
2977.874 0.000872
2978.383 0.000865
2978.893 0.000858
2979.402 0.000851
2979.912 0.000844
2980.422 0.000837
2980.932 0.00083
2981.442 0.000827
2981.952 0.000823
2982.462 0.00082
2982.972 0.000817
2983.483 0.000813
2983.993 0.00081
2984.504 0.000806
2985.014 0.000803
2985.525 0.000799
2986.036 0.000796
2986.547 0.000792
2987.058 0.000789
2987.569 0.000786
2988.08 0.000782
2988.591 0.000779
2989.103 0.000775
2989.614 0.000772
2990.126 0.000768
2990.637 0.000765
2991.149 0.000762
2991.661 0.000761
2992.173 0.00076
2992.685 0.000758
2993.197 0.000757
2993.709 0.000755
2994.221 0.000754
2994.733 0.000752
2995.246 0.000751
2995.758 0.00075
2996.271 0.000748
2996.783 0.000747
2997.296 0.000745
2997.809 0.000744
2998.322 0.000742
2998.835 0.000741
2999.348 0.000739
2999.861 0.000738
3000.374 0.000736
3000.887 0.000734
3001.401 0.000729
3001.915 0.000723
3002.428 0.000717
3002.942 0.000711
3003.456 0.000706
3003.969 0.0007
3004.483 0.000694
3004.998 0.000688
3005.512 0.000683
3006.026 0.000677
3006.54 0.000671
3007.054 0.000665
3007.569 0.00066
3008.084 0.000654
3008.598 0.000648
3009.113 0.000642
3009.628 0.000637
3010.143 0.000631
3010.658 0.000625
3011.173 0.000622
3011.688 0.000621
3012.203 0.00062
3012.719 0.000618
3013.234 0.000617
3013.75 0.000616
3014.265 0.000615
3014.781 0.000614
3015.297 0.000613
3015.813 0.000611
3016.329 0.00061
3016.845 0.000609
3017.361 0.000608
3017.877 0.000607
3018.394 0.000605
3018.91 0.000604
3019.427 0.000603
3019.943 0.000602
3020.46 0.000601
3020.977 0.0006
3021.494 0.0006
3022.01 0.0006
3022.528 0.0006
3023.045 0.0006
3023.562 0.0006
3024.079 0.0006
3024.597 0.0006
3025.114 0.0006
3025.632 0.0006
3026.149 0.0006
3026.667 0.0006
3027.185 0.0006
3027.703 0.0006
3028.221 0.0006
3028.739 0.0006
3029.257 0.0006
3029.776 0.0006
3030.294 0.000601
3030.812 0.000601
3031.331 0.000597
3031.85 0.000592
3032.368 0.000588
3032.887 0.000583
3033.406 0.000579
3033.925 0.000574
3034.444 0.00057
3034.963 0.000566
3035.483 0.000561
3036.002 0.000557
3036.521 0.000552
3037.041 0.000548
3037.561 0.000543
3038.08 0.000539
3038.6 0.000534
3039.12 0.00053
3039.64 0.000525
3040.16 0.000521
3040.68 0.000517
3041.2 0.000511
3041.721 0.000506
3042.241 0.0005
3042.762 0.000495
3043.282 0.000489
3043.803 0.000484
3044.324 0.000478
3044.845 0.000472
3045.366 0.000467
3045.887 0.000461
3046.408 0.000456
3046.929 0.00045
3047.45 0.000445
3047.972 0.000439
3048.493 0.000433
3049.015 0.000428
3049.536 0.000422
3050.058 0.000417
3050.58 0.000411
3051.102 0.000408
3051.624 0.000407
3052.146 0.000407
3052.668 0.000406
3053.191 0.000406
3053.713 0.000406
3054.236 0.000405
3054.758 0.000405
3055.281 0.000404
3055.803 0.000404
3056.326 0.000404
3056.849 0.000403
3057.372 0.000403
3057.895 0.000402
3058.418 0.000402
3058.942 0.000402
3059.465 0.000401
3059.989 0.000401
3060.512 0.0004
3061.036 0.0004
3061.56 0.000401
3062.083 0.000401
3062.607 0.000402
3063.131 0.000402
3063.655 0.000403
3064.179 0.000404
3064.704 0.000404
3065.228 0.000405
3065.753 0.000405
3066.277 0.000406
3066.802 0.000406
3067.326 0.000407
3067.851 0.000407
3068.376 0.000408
3068.901 0.000408
3069.426 0.000409
3069.951 0.000409
3070.477 0.00041
3071.002 0.00041
3071.527 0.000405
3072.053 0.000401