2233.692 0.000403
2234.073 0.000411
2234.454 0.000419
2234.835 0.000427
2235.216 0.000436
2235.597 0.000444
2235.979 0.000452
2236.36 0.000461
2236.741 0.000469
2237.123 0.000478
2237.504 0.000486
2237.886 0.000494
2238.268 0.000503
2238.649 0.000511
2239.031 0.00052
2239.413 0.000528
2239.795 0.000537
2240.177 0.000545
2240.559 0.000554
2240.941 0.000561
2241.323 0.000567
2241.706 0.000574
2242.088 0.00058
2242.471 0.000587
2242.853 0.000593
2243.236 0.000599
2243.618 0.000606
2244.001 0.000612
2244.384 0.000619
2244.766 0.000625
2245.149 0.000632
2245.532 0.000638
2245.915 0.000645
2246.298 0.000651
2246.681 0.000658
2247.065 0.000665
2247.448 0.000671
2247.831 0.000678
2248.215 0.000684
2248.598 0.000691
2248.982 0.000698
2249.365 0.000704
2249.749 0.000711
2250.133 0.000718
2250.516 0.000724
2250.9 0.000727
2251.284 0.000728
2251.668 0.000728
2252.052 0.000728
2252.436 0.000728
2252.82 0.000729
2253.205 0.000729
2253.589 0.000729
2253.973 0.000729
2254.358 0.000729
2254.742 0.00073
2255.127 0.00073
2255.511 0.00073
2255.896 0.00073
2256.281 0.00073
2256.666 0.000731
2257.051 0.000731
2257.436 0.000731
2257.821 0.000731
2258.206 0.000731
2258.591 0.000731
2258.976 0.000732
2259.361 0.000732
2259.747 0.000732
2260.132 0.000732
2260.518 0.000732
2260.903 0.000733
2261.289 0.000733
2261.675 0.000733
2262.06 0.000734
2262.446 0.000734
2262.832 0.000734
2263.218 0.000735
2263.604 0.000735
2263.99 0.000736
2264.376 0.000736
2264.762 0.000736
2265.149 0.000737
2265.535 0.000737
2265.921 0.000737
2266.308 0.000738
2266.695 0.000738
2267.081 0.000738
2267.468 0.000739
2267.854 0.000739
2268.241 0.000739
2268.628 0.00074
2269.015 0.00074
2269.402 0.00074
2269.789 0.000741
2270.176 0.000741
2270.563 0.000741
2270.951 0.000746
2271.338 0.000754
2271.726 0.000761
2272.113 0.000769
2272.5 0.000776
2272.888 0.000784
2273.276 0.000792
2273.664 0.000799
2274.051 0.000807
2274.439 0.000814
2274.827 0.000822
2275.215 0.000829
2275.603 0.000837
2275.991 0.000845
2276.379 0.000852
2276.768 0.00086
2277.156 0.000868
2277.544 0.000876
2277.933 0.000883
2278.322 0.000891
2278.71 0.000899
2279.099 0.000906
2279.488 0.000914
2279.876 0.000922
2280.265 0.00093
2280.654 0.000938
2281.043 0.000955
2281.432 0.000974
2281.821 0.000993
2282.21 0.001013
2282.6 0.001032
2282.989 0.001051
2283.378 0.00107
2283.768 0.00109
2284.157 0.001109
2284.547 0.001128
2284.937 0.001148
2285.326 0.001167
2285.716 0.001187
2286.106 0.001206
2286.496 0.001226
2286.886 0.001245
2287.276 0.001265
2287.666 0.001285
2288.056 0.001304
2288.446 0.001324
2288.837 0.001344
2289.227 0.001363
2289.618 0.001383
2290.008 0.001403
2290.399 0.001423
2290.789 0.001445
2291.18 0.001476
2291.571 0.001507
2291.962 0.001538
2292.353 0.001569
2292.744 0.0016
2293.135 0.001631
2293.526 0.001662
2293.917 0.001693
2294.308 0.001724
2294.699 0.001756
2295.091 0.001787
2295.482 0.001818
2295.874 0.00185
2296.265 0.001881
2296.657 0.001913
2297.049 0.001945
2297.441 0.001976
2297.833 0.002008
2298.224 0.00204
2298.616 0.002072
2299.008 0.002103
2299.401 0.002135
2299.793 0.002167
2300.185 0.002199
2300.577 0.002231
2300.97 0.002259
2301.362 0.002284
2301.755 0.00231
2302.147 0.002336
2302.54 0.002362
2302.933 0.002387
2303.325 0.002413
2303.718 0.002439
2304.111 0.002465
2304.504 0.002491
2304.897 0.002517
2305.29 0.002543
2305.684 0.002569
2306.077 0.002595
2306.47 0.002622
2306.864 0.002648
2307.257 0.002674
2307.651 0.0027
2308.044 0.002727
2308.438 0.002753
2308.832 0.002779
2309.225 0.002806
2309.619 0.002832
2310.013 0.002858
2310.407 0.002885
2310.801 0.002907
2311.195 0.002912
2311.589 0.002917
2311.984 0.002923
2312.378 0.002928
2312.772 0.002934
2313.167 0.002939
2313.562 0.002944
2313.956 0.00295
2314.351 0.002955
2314.746 0.002961
2315.14 0.002966
2315.535 0.002972
2315.93 0.002977
2316.325 0.002983
2316.72 0.002988
2317.115 0.002993
2317.51 0.002999
2317.906 0.003004
2318.301 0.00301
2318.697 0.003015
2319.092 0.003021
2319.488 0.003026
2319.883 0.003032
2320.279 0.003037
2320.675 0.003043
2321.071 0.003043
2321.466 0.003044
2321.862 0.003044
2322.258 0.003044
2322.654 0.003044
2323.051 0.003044
2323.447 0.003044
2323.843 0.003044
2324.24 0.003045
2324.636 0.003045
2325.032 0.003045
2325.429 0.003045
2325.825 0.003045
2326.222 0.003045
2326.619 0.003045
2327.016 0.003045
2327.413 0.003046
2327.81 0.003046
2328.207 0.003046
2328.604 0.003046
2329.001 0.003046
2329.398 0.003046
2329.795 0.003046
2330.193 0.003046
2330.59 0.003047
2330.988 0.003056
2331.385 0.00307
2331.783 0.003084
2332.181 0.003098
2332.579 0.003112
2332.976 0.003126
2333.374 0.00314
2333.772 0.003154
2334.17 0.003168
2334.568 0.003182
2334.967 0.003196
2335.365 0.00321
2335.763 0.003224
2336.162 0.003238
2336.56 0.003252
2336.958 0.003267
2337.357 0.003281
2337.756 0.003295
2338.155 0.003309
2338.553 0.003323
2338.952 0.003338
2339.351 0.003352
2339.75 0.003366
2340.149 0.00338
2340.548 0.003395
2340.948 0.003419
2341.347 0.003451
2341.746 0.003483
2342.146 0.003516
2342.545 0.003548
2342.945 0.00358
2343.344 0.003613
2343.744 0.003645
2344.144 0.003678
2344.543 0.00371
2344.943 0.003743
2345.343 0.003775
2345.743 0.003808
2346.143 0.00384
2346.543 0.003873
2346.944 0.003906
2347.344 0.003938
2347.744 0.003971
2348.145 0.004004
2348.545 0.004037
2348.946 0.00407
2349.347 0.004103
2349.747 0.004136
2350.148 0.004169
2350.549 0.004202
2350.95 0.004242
2351.351 0.004288
2351.752 0.004335
2352.153 0.004381
2352.554 0.004427
2352.955 0.004473
2353.357 0.004519
2353.758 0.004566
2354.16 0.004612
2354.561 0.004659
2354.963 0.004705
2355.364 0.004752
2355.766 0.004798
2356.168 0.004845
2356.57 0.004892
2356.972 0.004939
2357.374 0.004985
2357.776 0.005032
2358.178 0.005079
2358.58 0.005126
2358.982 0.005173
2359.385 0.005221
2359.787 0.005268
2360.19 0.005315
2360.592 0.005362
2360.995 0.005407
2361.397 0.005451
2361.8 0.005495
2362.203 0.005539
2362.606 0.005583
2363.009 0.005627
2363.412 0.005671
2363.815 0.005715
2364.218 0.005759
2364.622 0.005803
2365.025 0.005848
2365.428 0.005892
2365.832 0.005936
2366.235 0.005981
2366.639 0.006025
2367.042 0.00607
2367.446 0.006114
2367.85 0.006159
2368.254 0.006204
2368.658 0.006248
2369.062 0.006293
2369.466 0.006338
2369.87 0.006383
2370.274 0.006428
2370.678 0.006473
2371.083 0.006505
2371.487 0.006536
2371.892 0.006567
2372.296 0.006597
2372.701 0.006628
2373.105 0.006659
2373.51 0.00669
2373.915 0.006721
2374.32 0.006752
2374.725 0.006782
2375.13 0.006813
2375.535 0.006844
2375.94 0.006875
2376.345 0.006907
2376.751 0.006938
2377.156 0.006969
2377.562 0.007
2377.967 0.007031
2378.373 0.007062
2378.778 0.007094
2379.184 0.007125
2379.59 0.007156
2379.996 0.007188
2380.402 0.007219
2380.808 0.00725
2381.214 0.007278
2381.62 0.007307
2382.026 0.007335
2382.432 0.007363
2382.839 0.007392
2383.245 0.00742
2383.652 0.007449
2384.058 0.007478
2384.465 0.007506
2384.872 0.007535
2385.278 0.007564
2385.685 0.007592
2386.092 0.007621
2386.499 0.00765
2386.906 0.007679
2387.313 0.007707
2387.72 0.007736
2388.128 0.007765
2388.535 0.007794
2388.942 0.007823
2389.35 0.007852
2389.757 0.007881
2390.165 0.00791
2390.573 0.007939
2390.98 0.00798
2391.388 0.008028
2391.796 0.008076
2392.204 0.008124
2392.612 0.008173
2393.02 0.008221
2393.428 0.00827
2393.836 0.008318
2394.245 0.008367
2394.653 0.008415
2395.062 0.008464
2395.47 0.008513
2395.879 0.008562
2396.287 0.00861
2396.696 0.008659
2397.105 0.008708
2397.514 0.008757
2397.923 0.008806
2398.332 0.008855
2398.74 0.008905
2399.15 0.008954
2399.559 0.009003
2399.968 0.009052
2400.377 0.009097
2400.787 0.009148
2401.196 0.009235
2401.606 0.009322
2402.016 0.009408
2402.425 0.009495
2402.835 0.009582
2403.245 0.009669
2403.655 0.009756
2404.065 0.009843
2404.475 0.009929
2404.885 0.010016
2405.295 0.010103
2405.705 0.01019
2406.116 0.010277
2406.526 0.010364
2406.937 0.010451
2407.347 0.010538
2407.758 0.010624
2408.168 0.010711
2408.579 0.010798
2408.99 0.010885
2409.401 0.010972
2409.812 0.011059
2410.223 0.011146
2410.634 0.011233
2411.045 0.011363
2411.456 0.011506
2411.867 0.011649
2412.279 0.011792
2412.69 0.011935
2413.102 0.012078
2413.513 0.012221
2413.925 0.012365
2414.337 0.012508
2414.749 0.012651
2415.16 0.012794
2415.572 0.012937
2415.984 0.013081
2416.396 0.013224
2416.809 0.013367
2417.221 0.01351
2417.633 0.013654
2418.045 0.013797
2418.458 0.01394
2418.87 0.014084
2419.283 0.014227
2419.696 0.01437
2420.108 0.014514
2420.521 0.014657
2420.934 0.014825
2421.347 0.01502
2421.76 0.015215
2422.173 0.015409
2422.586 0.015604
2422.999 0.015799
2423.412 0.015994
2423.826 0.016189
2424.239 0.016383
2424.653 0.016578
2425.066 0.016773
2425.48 0.016968
2425.893 0.017163
2426.307 0.017358
2426.721 0.017553
2427.135 0.017748
2427.549 0.017943
2427.963 0.018138
2428.377 0.018333
2428.791 0.018528
2429.206 0.018723
2429.62 0.018918
2430.034 0.019113
2430.449 0.019306
2430.863 0.019506
2431.278 0.01972
2431.692 0.019934
2432.107 0.020148
2432.522 0.020362
2432.937 0.020576
2433.352 0.02079
2433.767 0.021004
2434.182 0.021219
2434.597 0.021432
2435.012 0.021646
2435.428 0.02186
2435.843 0.022074
2436.259 0.022288
2436.674 0.022502
2437.09 0.022716
2437.505 0.02293
2437.921 0.023144
2438.337 0.023357
2438.753 0.023571
2439.169 0.023785
2439.585 0.023999
2440.001 0.024212
2440.417 0.024427
2440.833 0.024639
2441.25 0.024842
2441.666 0.025045
2442.083 0.025248
2442.499 0.025451
2442.916 0.025654
2443.332 0.025857
2443.749 0.026061
2444.166 0.026264
2444.583 0.026467
2445.0 0.02667
2445.417 0.026873
2445.834 0.027076
2446.251 0.027279
2446.668 0.027482
2447.085 0.027685
2447.503 0.027888
2447.92 0.028091
2448.338 0.028294
2448.755 0.028497
2449.173 0.0287
2449.591 0.028903
2450.009 0.029106
2450.427 0.029309
2450.844 0.029511
2451.262 0.029712
2451.68 0.029913
2452.099 0.030114
2452.517 0.030315
2452.935 0.030516
2453.354 0.030717
2453.772 0.030918
2454.191 0.031119
2454.609 0.03132
2455.028 0.031521
2455.447 0.031722
2455.865 0.031923
2456.284 0.032124
2456.703 0.032325
2457.122 0.032525
2457.541 0.032726
2457.96 0.032927
2458.38 0.033128
2458.799 0.033329
2459.218 0.03353
2459.638 0.033731
2460.057 0.033931
2460.477 0.034131
2460.896 0.034348
2461.316 0.034597
2461.736 0.034847
2462.156 0.035096
2462.576 0.035345
2462.996 0.035594
2463.416 0.035843
2463.836 0.036092
2464.256 0.036341
2464.677 0.03659
2465.097 0.036839
2465.518 0.037088
2465.938 0.037337
2466.359 0.037585
2466.779 0.037834
2467.2 0.038083
2467.621 0.038332
2468.042 0.03858
2468.463 0.038829
2468.884 0.039078
2469.305 0.039326
2469.726 0.039575
2470.147 0.039824
2470.569 0.040074
2470.99 0.040383
2471.411 0.040734
2471.833 0.041085
2472.254 0.041436
2472.676 0.041787
2473.098 0.042139
2473.52 0.04249
2473.942 0.042841
2474.364 0.043192
2474.786 0.043543
2475.208 0.043895
2475.63 0.044246
2476.052 0.044597
2476.474 0.044948
2476.897 0.045299
2477.319 0.04565
2477.742 0.046001
2478.164 0.046352
2478.587 0.046703
2479.01 0.047054
2479.433 0.047405
2479.855 0.047756
2480.279 0.048107
2480.701 0.048457
2481.125 0.048906
2481.548 0.049367
2481.971 0.049827
2482.394 0.050288
2482.818 0.050749
2483.241 0.05121
2483.665 0.051671
2484.088 0.052131
2484.512 0.052592
2484.936 0.053053
2485.36 0.053513
2485.784 0.053974
2486.208 0.054435
2486.632 0.054895
2487.056 0.055356
2487.48 0.055816
2487.904 0.056277
2488.329 0.056737
2488.753 0.057198
2489.177 0.057658
2489.602 0.058119
2490.027 0.058579
2490.451 0.059037
2490.876 0.059511
2491.301 0.060023
2491.726 0.060535
2492.151 0.061048
2492.576 0.06156
2493.001 0.062072
2493.426 0.062584
2493.852 0.063096
2494.277 0.063608
2494.702 0.06412
2495.128 0.064631
2495.553 0.065143
2495.979 0.065655
2496.405 0.066166
2496.831 0.066678
2497.256 0.067189
2497.682 0.0677
2498.108 0.068212
2498.534 0.068723
2498.96 0.069234
2499.387 0.069745
2499.813 0.070256
2500.24 0.070763
2500.666 0.071266
2501.092 0.071734
2501.519 0.072193
2501.946 0.072652
2502.372 0.07311
2502.799 0.073569
2503.226 0.074027
2503.653 0.074485
2504.08 0.074943
2504.507 0.075401
2504.934 0.075859
2505.362 0.076316
2505.789 0.076773
2506.216 0.077231
2506.644 0.077688
2507.071 0.078144
2507.499 0.078601
2507.927 0.079057
2508.354 0.079513
2508.782 0.07997
2509.21 0.080425
2509.638 0.080881
2510.066 0.081336
2510.494 0.081792
2510.922 0.082207
2511.351 0.082558
2511.779 0.082909
2512.207 0.083259
2512.636 0.08361
2513.064 0.083961
2513.493 0.084311
2513.922 0.084661
2514.351 0.085011
2514.779 0.085361
2515.208 0.085711
2515.637 0.08606
2516.066 0.08641
2516.495 0.086759
2516.925 0.087108
2517.354 0.087458
2517.783 0.087807
2518.213 0.088155
2518.642 0.088504
2519.072 0.088853
2519.501 0.089201
2519.931 0.089549
2520.361 0.089895
2520.791 0.090233
2521.221 0.090498
2521.651 0.090762
2522.081 0.091026
2522.511 0.091291
2522.941 0.091555
2523.372 0.091818
2523.802 0.092082
2524.232 0.092346
2524.663 0.092609
2525.094 0.092873
2525.524 0.093136
2525.955 0.093399
2526.386 0.093662
2526.817 0.093925
2527.248 0.094188
2527.679 0.09445
2528.11 0.094713
2528.541 0.094975
2528.972 0.095237
2529.404 0.095499
2529.835 0.095761
2530.267 0.096025
2530.698 0.096291
2531.13 0.096541
2531.562 0.096789
2531.993 0.097036
2532.425 0.097284
2532.857 0.097531
2533.289 0.097778
2533.721 0.098025
2534.153 0.098272
2534.586 0.098519
2535.018 0.098766
2535.45 0.099013
2535.883 0.099259
2536.315 0.099506
2536.748 0.099752
2537.181 0.099998
2537.613 0.100244
2538.046 0.10049
2538.479 0.100736
2538.912 0.100982
2539.345 0.101228
2539.778 0.101473
2540.211 0.101719
2540.645 0.101964
2541.078 0.102217
2541.511 0.102473
2541.945 0.102729
2542.378 0.102985
2542.812 0.10324
2543.246 0.103496
2543.679 0.103751
2544.113 0.104006
2544.547 0.104261
2544.981 0.104516
2545.415 0.104771
2545.849 0.105026
2546.284 0.105281
2546.718 0.105535
2547.152 0.10579
2547.587 0.106044
2548.021 0.106298
2548.456 0.106552
2548.891 0.106806
2549.325 0.10706
2549.76 0.107314
2550.195 0.107565
2550.63 0.107815
2551.065 0.108057
2551.5 0.108295
2551.935 0.108533
2552.371 0.108771
2552.806 0.109009
2553.241 0.109247
2553.677 0.109485
2554.112 0.109723
2554.548 0.10996
2554.984 0.110198
2555.419 0.110435
2555.855 0.110672
2556.291 0.110909
2556.727 0.111146
2557.163 0.111382
2557.599 0.111619
2558.036 0.111855
2558.472 0.112092
2558.908 0.112328
2559.345 0.112564
2559.781 0.1128
2560.218 0.113038
2560.655 0.113278
2561.091 0.113474
2561.528 0.113655
2561.965 0.113836
2562.402 0.114016
2562.839 0.114197
2563.276 0.114377
2563.713 0.114557
2564.151 0.114737
2564.588 0.114917
2565.025 0.115097
2565.463 0.115277
2565.9 0.115457
2566.338 0.115637
2566.776 0.115816
2567.214 0.115996
2567.652 0.116175
2568.089 0.116355
2568.527 0.116534
2568.966 0.116713
2569.404 0.116892
2569.842 0.117071
2570.28 0.11725
2570.719 0.117429
2571.157 0.117538
2571.596 0.117637
2572.034 0.117736
2572.473 0.117836
2572.912 0.117935
2573.351 0.118034
2573.79 0.118133
2574.229 0.118232
2574.667 0.118331
2575.107 0.11843
2575.546 0.118529
2575.985 0.118628
2576.425 0.118726
2576.864 0.118825
2577.303 0.118924
2577.743 0.119022
2578.183 0.119121
2578.622 0.119219
2579.062 0.119317
2579.502 0.119416
2579.942 0.119514
2580.382 0.119608
2580.822 0.119694
2581.262 0.119723
2581.703 0.119752
2582.143 0.119781
2582.583 0.119809
2583.024 0.119838
2583.464 0.119867
2583.905 0.119896
2584.346 0.119924
2584.787 0.119953
2585.228 0.119982
2585.668 0.12001
2586.109 0.120039
2586.551 0.120067
2586.992 0.120095
2587.433 0.120124
2587.874 0.120152
2588.316 0.12018
2588.757 0.120209
2589.199 0.120237
2589.64 0.120265
2590.082 0.120294
2590.524 0.120327
2590.966 0.120342
2591.407 0.120334
2591.849 0.120326
2592.292 0.120318
2592.734 0.12031
2593.176 0.120302
2593.618 0.120294
2594.061 0.120286
2594.503 0.120277
2594.946 0.120269
2595.388 0.120261
2595.831 0.120253
2596.273 0.120245
2596.716 0.120236
2597.159 0.120228
2597.602 0.12022
2598.045 0.120211
2598.488 0.120203
2598.932 0.120194
2599.375 0.120186
2599.818 0.120178
2600.262 0.120154
2600.705 0.12012
2601.149 0.120064
2601.592 0.120004
2602.036 0.119944
2602.48 0.119884
2602.924 0.119823
2603.368 0.119763
2603.812 0.119703
2604.256 0.119643
2604.7 0.119582
2605.144 0.119522
2605.589 0.119462
2606.033 0.119401
2606.478 0.119341
2606.922 0.119281
2607.367 0.11922
2607.812 0.11916
2608.256 0.119099
2608.701 0.119039
2609.146 0.118979
2609.591 0.118918
2610.036 0.118857
2610.481 0.118792
2610.927 0.118717
2611.372 0.118622
2611.817 0.118527
2612.263 0.118431
2612.708 0.118336
2613.154 0.118241
2613.6 0.118147
2614.045 0.118052
2614.491 0.117957
2614.937 0.117862
2615.383 0.117767
2615.829 0.117672
2616.275 0.117577
2616.722 0.117482
2617.168 0.117387
2617.614 0.117292
2618.061 0.117197
2618.507 0.117102
2618.954 0.117008
2619.401 0.116913
2619.847 0.116818
2620.294 0.116726
2620.741 0.116636
2621.188 0.116516
2621.635 0.116392
2622.083 0.116269
2622.53 0.116145
2622.977 0.116022
2623.424 0.115898
2623.872 0.115775
2624.319 0.115652
2624.767 0.115528
2625.215 0.115405
2625.662 0.115282
2626.11 0.115158
2626.558 0.115035
2627.006 0.114912
2627.454 0.114789
2627.902 0.114666
2628.351 0.114543
2628.799 0.114419
2629.247 0.114297
2629.696 0.114174
2630.144 0.114051
2630.593 0.113931
2631.042 0.113793
2631.49 0.113642
2631.939 0.113491
2632.388 0.11334
2632.837 0.113189
2633.286 0.113038
2633.735 0.112887
2634.184 0.112737
2634.634 0.112586
2635.083 0.112435
2635.532 0.112285
2635.982 0.112134
2636.431 0.111984
2636.881 0.111833
2637.331 0.111683
2637.781 0.111533
2638.231 0.111382
2638.681 0.111232
2639.131 0.111082
2639.581 0.110932
2640.031 0.110782
2640.481 0.110627
2640.932 0.11047
2641.382 0.110305
2641.833 0.110141
2642.283 0.109977
2642.734 0.109813
2643.185 0.109649
2643.635 0.109485
2644.086 0.109321
2644.537 0.109157
2644.988 0.108993
2645.439 0.108829
2645.891 0.108666
2646.342 0.108502
2646.793 0.108339
2647.245 0.108175
2647.696 0.108012
2648.148 0.107849
2648.6 0.107686
2649.051 0.107523
2649.503 0.10736
2649.955 0.107197
2650.407 0.107038
2650.859 0.106882
2651.311 0.106733
2651.763 0.106585
2652.216 0.106437
2652.668 0.106289
2653.12 0.106141
2653.573 0.105993
2654.026 0.105845
2654.478 0.105697
2654.931 0.10555
2655.384 0.105402
2655.837 0.105254
2656.29 0.105107
2656.743 0.104959
2657.196 0.104812
2657.649 0.104664
2658.102 0.104517
2658.556 0.10437
2659.009 0.104223
2659.463 0.104076
2659.916 0.103928
2660.37 0.103781
2660.824 0.103636
2661.278 0.103511
2661.731 0.103386
2662.186 0.103262
2662.64 0.103137
2663.094 0.103012
2663.548 0.102888
2664.002 0.102763
2664.457 0.102638
2664.911 0.102514
2665.365 0.102389
2665.82 0.102265
2666.275 0.10214
2666.73 0.102016
2667.185 0.101892
2667.639 0.101767
2668.094 0.101643
2668.55 0.101519
2669.005 0.101395
2669.46 0.101271
2669.915 0.101147
2670.371 0.101019
2670.826 0.100893
2671.281 0.100791
2671.737 0.10069
2672.193 0.100588
2672.649 0.100487
2673.104 0.100385
2673.56 0.100284
2674.016 0.100182
2674.472 0.100081
2674.929 0.09998
2675.385 0.099878
2675.841 0.099777
2676.298 0.099676
2676.754 0.099574
2677.21 0.099473
2677.667 0.099372
2678.124 0.099271
2678.581 0.099169
2679.038 0.099068
2679.494 0.098967
2679.951 0.098866
2680.409 0.098768
2680.866 0.098673
2681.323 0.098589
2681.78 0.098504
2682.238 0.098419
2682.695 0.098335
2683.153 0.09825
2683.61 0.098165
2684.068 0.09808
2684.526 0.097996
2684.984 0.097911
2685.442 0.097826
2685.9 0.097742
2686.358 0.097657
2686.816 0.097572
2687.274 0.097488
2687.733 0.097403
2688.191 0.097318
2688.65 0.097234
2689.108 0.097149
2689.567 0.097064
2690.026 0.09698
2690.484 0.096895
2690.943 0.096808
2691.402 0.096716
2691.861 0.096624
2692.32 0.096531
2692.78 0.096439
2693.239 0.096347
2693.698 0.096255
2694.158 0.096162
2694.617 0.09607
2695.077 0.095978
2695.536 0.095886
2695.996 0.095794
2696.456 0.095702
2696.916 0.095609
2697.376 0.095517
2697.836 0.095425
2698.296 0.095333
2698.756 0.095241
2699.217 0.095149
2699.677 0.095057
2700.137 0.09498
2700.598 0.094938
2701.059 0.094883
2701.519 0.094818
2701.98 0.094754
2702.441 0.094689
2702.902 0.094625
2703.363 0.09456
2703.824 0.094496
2704.285 0.094431
2704.746 0.094367
2705.208 0.094302
2705.669 0.094238
2706.131 0.094173
2706.592 0.094108
2707.054 0.094044
2707.516 0.093979
2707.977 0.093915
2708.439 0.09385
2708.901 0.093785
2709.363 0.093721
2709.825 0.093656
2710.288 0.093594
2710.75 0.093533
2711.212 0.093456
2711.675 0.093376
2712.137 0.093296
2712.6 0.093216
2713.062 0.093136
2713.525 0.093056
2713.988 0.092977
2714.451 0.092897
2714.914 0.092817
2715.377 0.092737
2715.84 0.092657
2716.303 0.092577
2716.766 0.092497
2717.23 0.092417
2717.693 0.092337
2718.157 0.092257
2718.62 0.092177
2719.084 0.092097
2719.548 0.092017
2720.012 0.091937
2720.476 0.091857
2720.94 0.091774
2721.404 0.091685
2721.868 0.091596
2722.332 0.091506
2722.796 0.091417
2723.261 0.091328
2723.725 0.091238
2724.19 0.091149
2724.655 0.09106
2725.119 0.09097
2725.584 0.090881
2726.049 0.090792
2726.514 0.090702
2726.979 0.090613
2727.444 0.090523
2727.909 0.090434
2728.375 0.090344
2728.84 0.090255
2729.305 0.090165
2729.771 0.090076
2730.236 0.089984
2730.702 0.089891
2731.168 0.0898
2731.634 0.089709
2732.1 0.089618
2732.565 0.089527
2733.031 0.089436
2733.498 0.089345
2733.964 0.089254
2734.43 0.089163
2734.897 0.089072
2735.363 0.088982
2735.83 0.088891
2736.296 0.0888
2736.763 0.088709
2737.23 0.088618
2737.697 0.088527
2738.164 0.088436
2738.631 0.088345
2739.098 0.088254
2739.565 0.088163
2740.032 0.088072
2740.5 0.087985
2740.967 0.087903
2741.434 0.08783
2741.902 0.087757
2742.37 0.087684
2742.837 0.087611
2743.305 0.087538
2743.773 0.087465
2744.241 0.087392
2744.709 0.087319
2745.177 0.087246
2745.646 0.087173
2746.114 0.0871
2746.582 0.087027
2747.051 0.086954
2747.519 0.086881
2747.988 0.086808
2748.457 0.086735
2748.925 0.086662
2749.394 0.086589
2749.863 0.086516
2750.332 0.08644
2750.801 0.086363
2751.271 0.0863
2751.74 0.086236
2752.209 0.086173
2752.678 0.08611
2753.148 0.086046
2753.617 0.085983
2754.087 0.085919
2754.557 0.085856
2755.027 0.085793
2755.497 0.085729
2755.967 0.085666
2756.437 0.085602
2756.907 0.085539
2757.377 0.085476
2757.847 0.085412
2758.318 0.085349
2758.788 0.085285
2759.259 0.085222
2759.729 0.085158
2760.2 0.085097
2760.671 0.085037
2761.142 0.084977
2761.613 0.084917
2762.083 0.084858
2762.555 0.084798
2763.026 0.084738
2763.497 0.084678
2763.969 0.084619
2764.44 0.084559
2764.911 0.084499
2765.383 0.084439
2765.855 0.08438
2766.326 0.08432
2766.798 0.08426
2767.27 0.0842
2767.742 0.08414
2768.214 0.084081
2768.686 0.084021
2769.159 0.083961
2769.631 0.083901
2770.103 0.083841
2770.576 0.083781
2771.048 0.083715
2771.521 0.083641
2771.994 0.083568
2772.466 0.083495
2772.939 0.083421
2773.412 0.083348
2773.885 0.083274
2774.358 0.083201
2774.832 0.083127
2775.305 0.083054
2775.778 0.08298
2776.252 0.082907
2776.725 0.082833
2777.199 0.08276
2777.672 0.082686
2778.146 0.082613
2778.62 0.082539
2779.094 0.082465
2779.568 0.082392
2780.042 0.082318
2780.516 0.082241
2780.99 0.082156
2781.465 0.08206
2781.939 0.081963
2782.414 0.081866
2782.888 0.08177
2783.363 0.081673
2783.838 0.081576
2784.312 0.08148
2784.787 0.081383
2785.262 0.081286
2785.737 0.081189
2786.213 0.081093
2786.688 0.080996
2787.163 0.080899
2787.638 0.080802
2788.114 0.080706
2788.589 0.080609
2789.065 0.080512
2789.541 0.080415
2790.017 0.080319
2790.492 0.080225
2790.968 0.080125
2791.444 0.080008
2791.92 0.079892
2792.397 0.079775
2792.873 0.079659
2793.349 0.079542
2793.826 0.079425
2794.302 0.079309
2794.779 0.079192
2795.256 0.079075
2795.732 0.078959
2796.209 0.078842
2796.686 0.078725
2797.163 0.078609
2797.64 0.078492
2798.117 0.078375
2798.594 0.078258
2799.072 0.078141
2799.549 0.078025
2800.027 0.077909
2800.504 0.077811
2800.982 0.077708
2801.46 0.077597
2801.937 0.077485
2802.416 0.077374
2802.894 0.077262
2803.372 0.077151
2803.85 0.077039
2804.328 0.076927
2804.806 0.076815
2805.285 0.076703
2805.763 0.076591
2806.242 0.076479
2806.72 0.076367
2807.199 0.076254
2807.678 0.076142
2808.157 0.076029
2808.636 0.075917
2809.115 0.075804
2809.594 0.075692
2810.073 0.075578
2810.552 0.075462
2811.032 0.075348
2811.511 0.075234
2811.991 0.075121
2812.47 0.075008
2812.95 0.074894
2813.43 0.074781
2813.91 0.074667
2814.39 0.074554
2814.87 0.07444
2815.35 0.074327
2815.83 0.074213
2816.31 0.074099
2816.791 0.073985
2817.271 0.073871
2817.751 0.073757
2818.232 0.073643
2818.713 0.073529
2819.193 0.073415
2819.674 0.0733
2820.155 0.073187
2820.636 0.073076
2821.117 0.072975
2821.598 0.07288
2822.08 0.072785
2822.561 0.072691
2823.042 0.072596
2823.524 0.072501
2824.006 0.072406
2824.487 0.072311
2824.969 0.072216
2825.451 0.072121
2825.933 0.072026
2826.415 0.071931
2826.897 0.071836
2827.379 0.07174
2827.861 0.071645
2828.344 0.07155
2828.826 0.071454
2829.308 0.071359
2829.791 0.071263
2830.274 0.071163
2830.756 0.071061
2831.239 0.070981
2831.722 0.070906
2832.205 0.070831
2832.688 0.070756
2833.171 0.07068
2833.655 0.070605
2834.138 0.07053
2834.621 0.070454
2835.105 0.070379
2835.588 0.070303
2836.072 0.070228
2836.556 0.070152
2837.039 0.070076
2837.523 0.070001
2838.007 0.069925
2838.491 0.069849
2838.975 0.069774
2839.46 0.069698
2839.944 0.069622
2840.428 0.069549
2840.913 0.06948
2841.397 0.069436
2841.882 0.069392
2842.367 0.069347
2842.852 0.069303
2843.336 0.069259
2843.821 0.069214
2844.306 0.06917
2844.792 0.069125
2845.277 0.069081
2845.762 0.069036
2846.247 0.068992
2846.733 0.068947
2847.218 0.068902
2847.704 0.068858
2848.19 0.068813
2848.676 0.068768
2849.161 0.068724
2849.647 0.068679
2850.133 0.068634
2850.619 0.068589
2851.106 0.068554
2851.592 0.068527
2852.078 0.068499
2852.565 0.068472
2853.051 0.068444
2853.538 0.068416
2854.025 0.068389
2854.511 0.068361
2854.998 0.068334
2855.485 0.068306
2855.972 0.068278
2856.459 0.06825
2856.947 0.068223
2857.434 0.068195
2857.921 0.068167
2858.409 0.06814
2858.896 0.068112
2859.384 0.068084
2859.872 0.068056
2860.359 0.068026
2860.847 0.067995
2861.335 0.067969
2861.823 0.067944
2862.311 0.067918
2862.799 0.067892
2863.288 0.067866
2863.776 0.06784
2864.264 0.067814
2864.753 0.067788
2865.242 0.067762
2865.73 0.067736
2866.219 0.06771
2866.708 0.067684
2867.197 0.067658
2867.686 0.067632
2868.175 0.067606
2868.664 0.06758
2869.154 0.067554
2869.643 0.067528
2870.132 0.067503
2870.622 0.067479
2871.112 0.067451
2871.601 0.067419
2872.091 0.067387
2872.581 0.067354
2873.071 0.067322
2873.561 0.067289
2874.051 0.067257
2874.541 0.067224
2875.031 0.067192
2875.522 0.067159
2876.012 0.067127
2876.503 0.067094
2876.993 0.067062
2877.484 0.067029
2877.975 0.066997
2878.466 0.066964
2878.957 0.066931
2879.448 0.066899
2879.939 0.066866
2880.43 0.066831
2880.921 0.066792
2881.413 0.066736
2881.904 0.06668
2882.396 0.066624
2882.887 0.066568
2883.379 0.066512
2883.871 0.066456
2884.363 0.0664
2884.855 0.066344
2885.347 0.066288
2885.839 0.066232
2886.331 0.066176
2886.823 0.06612
2887.316 0.066064
2887.808 0.066008
2888.301 0.065951
2888.793 0.065895
2889.286 0.065839
2889.779 0.065782
2890.272 0.065728
2890.765 0.065674
2891.258 0.065605
2891.751 0.065532
2892.244 0.065459
2892.738 0.065386
2893.231 0.065313
2893.724 0.06524
2894.218 0.065167
2894.711 0.065094
2895.205 0.06502
2895.699 0.064947
2896.193 0.064874
2896.687 0.0648
2897.181 0.064727
2897.675 0.064654
2898.169 0.06458
2898.664 0.064507
2899.158 0.064433
2899.653 0.06436
2900.147 0.06429
2900.642 0.064229
2901.136 0.06416
2901.631 0.064085
2902.126 0.06401
2902.621 0.063935
2903.116 0.063859
2903.611 0.063784
2904.107 0.063708
2904.602 0.063632
2905.097 0.063557
2905.593 0.063481
2906.088 0.063405
2906.584 0.063329
2907.08 0.063253
2907.576 0.063177
2908.072 0.063101
2908.568 0.063024
2909.064 0.062948
2909.56 0.062871
2910.056 0.062794
2910.552 0.062715
2911.049 0.062635
2911.545 0.062556
2912.042 0.062476
2912.539 0.062396
2913.035 0.062317
2913.532 0.062237
2914.029 0.062157
2914.526 0.062077
2915.023 0.061997
2915.521 0.061917
2916.018 0.061836
2916.515 0.061756
2917.013 0.061676
2917.51 0.061595
2918.008 0.061515
2918.505 0.061434
2919.003 0.061353
2919.501 0.061272
2919.999 0.061191
2920.497 0.061113
2920.995 0.061037
2921.493 0.060966
2921.992 0.060896
2922.49 0.060825
2922.989 0.060754
2923.487 0.060683
2923.986 0.060612
2924.484 0.060541
2924.983 0.06047
2925.482 0.060399
2925.981 0.060328
2926.48 0.060256
2926.979 0.060185
2927.479 0.060113
2927.978 0.060042
2928.477 0.05997
2928.977 0.059898
2929.476 0.059826
2929.976 0.059754
2930.476 0.05968
2930.976 0.059607
2931.475 0.059542
2931.975 0.059476
2932.476 0.05941
2932.976 0.059344
2933.476 0.059278
2933.976 0.059212
2934.477 0.059146
2934.977 0.05908
2935.478 0.059014
2935.979 0.058947
2936.479 0.058881
2936.98 0.058815
2937.481 0.058748
2937.982 0.058682
2938.483 0.058615
2938.984 0.058548
2939.486 0.058482
2939.987 0.058415
2940.488 0.05835
2940.99 0.058287
2941.491 0.058227
2941.993 0.058166
2942.495 0.058106
2942.997 0.058045
2943.499 0.057985
2944.001 0.057924
2944.503 0.057864
2945.005 0.057803
2945.508 0.057742
2946.01 0.057681
2946.512 0.05762
2947.015 0.057559
2947.518 0.057498
2948.02 0.057437
2948.523 0.057375
2949.026 0.057314
2949.529 0.057253
2950.032 0.057191
2950.535 0.057129
2951.039 0.057067
2951.542 0.057004
2952.045 0.05694
2952.549 0.056877
2953.052 0.056813
2953.556 0.05675
2954.06 0.056686
2954.564 0.056622
2955.068 0.056558
2955.572 0.056494
2956.076 0.05643
2956.58 0.056366
2957.084 0.056302
2957.588 0.056238
2958.093 0.056173
2958.597 0.056109
2959.102 0.056044
2959.607 0.05598
2960.112 0.055915
2960.616 0.055847
2961.121 0.055773
2961.626 0.055693
2962.132 0.055612
2962.637 0.055531
2963.142 0.05545
2963.647 0.055369
2964.153 0.055288
2964.659 0.055207
2965.164 0.055126
2965.67 0.055044
2966.176 0.054963
2966.682 0.054882
2967.188 0.0548
2967.694 0.054718
2968.2 0.054637
2968.706 0.054555
2969.213 0.054473
2969.719 0.054391
2970.226 0.05431
2970.732 0.05423
2971.239 0.054138
2971.746 0.054042
2972.252 0.053945
2972.76 0.053849
2973.266 0.053752
2973.774 0.053655
2974.281 0.053558
2974.788 0.05346
2975.295 0.053363
2975.803 0.053266
2976.311 0.053168
2976.818 0.053071
2977.326 0.052973
2977.834 0.052875
2978.342 0.052777
2978.85 0.052679
2979.358 0.052581
2979.866 0.052483
2980.374 0.052383
2980.882 0.052282
2981.391 0.052172
2981.899 0.052062
2982.408 0.051952
2982.917 0.051842
2983.425 0.051732
2983.934 0.051622
2984.443 0.051511
2984.952 0.051401
2985.461 0.05129
2985.97 0.05118
2986.48 0.051069
2986.989 0.050958
2987.499 0.050847
2988.008 0.050736
2988.518 0.050625
2989.028 0.050513
2989.537 0.050402
2990.047 0.050291
2990.557 0.050181
2991.067 0.05007
2991.577 0.049956
2992.088 0.049841
2992.598 0.049727
2993.108 0.049612
2993.619 0.049498
2994.13 0.049383
2994.64 0.049268
2995.151 0.049153
2995.662 0.049038
2996.173 0.048922
2996.684 0.048807
2997.195 0.048692
2997.706 0.048576
2998.217 0.04846
2998.729 0.048344
2999.24 0.048228
2999.752 0.048112
3000.263 0.047987
3000.775 0.047852
3001.287 0.047717
3001.799 0.047581
3002.311 0.047446
3002.823 0.04731
3003.335 0.047174
3003.847 0.047038
3004.36 0.046903
3004.872 0.046767
3005.385 0.046631
3005.897 0.046495
3006.41 0.046359
3006.923 0.046223
3007.436 0.046087
3007.948 0.045951
3008.461 0.045815
3008.975 0.045679
3009.488 0.045544
3010.001 0.045407
3010.515 0.045273
3011.028 0.045136
3011.542 0.044988
3012.055 0.044841
3012.569 0.044693
3013.083 0.044545
3013.597 0.044398
3014.111 0.04425
3014.625 0.044102
3015.139 0.043955
3015.653 0.043807
3016.168 0.043659
3016.682 0.043511
3017.197 0.043363
3017.711 0.043215
3018.226 0.043067
3018.741 0.042919
3019.256 0.042771
3019.771 0.042623
3020.286 0.042475
3020.801 0.042327
3021.316 0.042137
3021.831 0.041939
3022.347 0.041741
3022.862 0.041544
3023.378 0.041346
3023.893 0.041148
3024.409 0.04095
3024.925 0.040752
3025.441 0.040554
3025.957 0.040356
3026.473 0.040158
3026.989 0.03996
3027.506 0.039762
3028.022 0.039564
3028.538 0.039365
3029.055 0.039167
3029.572 0.038969
3030.088 0.03877
3030.605 0.03857
3031.122 0.038328
3031.639 0.038038
3032.156 0.037748
3032.673 0.037457
3033.19 0.037167
3033.708 0.036877
3034.225 0.036587
3034.743 0.036297
3035.26 0.036006
3035.778 0.035716
3036.296 0.035426
3036.814 0.035135
3037.332 0.034845
3037.85 0.034554
3038.368 0.034264
3038.886 0.033973
3039.405 0.033682
3039.923 0.033392
3040.441 0.033102
3040.96 0.032801
3041.479 0.032426
3041.997 0.032051
3042.516 0.031676
3043.035 0.031301
3043.554 0.030926
3044.073 0.030551
3044.593 0.030176
3045.112 0.029801
3045.631 0.029425
3046.151 0.02905
3046.67 0.028674
3047.19 0.028298
3047.709 0.027923
3048.229 0.027547
3048.749 0.027171
3049.269 0.026795
3049.789 0.026419
3050.31 0.026041
3050.83 0.025664
3051.35 0.025271
3051.871 0.024876
3052.391 0.024482
3052.912 0.024087
3053.432 0.023692
3053.953 0.023297
3054.474 0.022902
3054.995 0.022507
3055.516 0.022112
3056.037 0.021716
3056.559 0.021321
3057.08 0.020926
3057.601 0.02053
3058.123 0.020135
3058.644 0.019739
3059.166 0.019344
3059.688 0.018948
3060.21 0.018553
3060.732 0.018158
3061.254 0.017809
3061.776 0.017481
3062.298 0.017152
3062.82 0.016823
3063.343 0.016494
3063.865 0.016166
3064.388 0.015837
3064.91 0.015508
3065.433 0.015179
3065.956 0.014849
3066.479 0.01452
3067.002 0.014191
3067.525 0.013861
3068.048 0.013532
3068.572 0.013202
3069.095 0.012873
3069.618 0.012543
3070.142 0.012213
3070.666 0.011883
3071.189 0.011608
3071.713 0.011376
3072.237 0.011144
3072.761 0.010912
3073.285 0.01068
3073.809 0.010448
3074.333 0.010216
3074.858 0.009984
3075.382 0.009752
3075.907 0.009519
3076.432 0.009287
3076.956 0.009055
3077.481 0.008822
3078.006 0.00859
3078.531 0.008358
3079.056 0.008125
3079.581 0.007893
3080.106 0.00766
3080.632 0.007428
3081.157 0.007238
3081.683 0.007091
3082.208 0.006943
3082.734 0.006796
3083.26 0.006648
3083.786 0.0065
3084.312 0.006353
3084.838 0.006205
3085.364 0.006057
3085.89 0.005909
3086.417 0.005762
3086.943 0.005614
3087.469 0.005466
3087.996 0.005318
3088.523 0.00517
3089.05 0.005022
3089.576 0.004874
3090.103 0.004726
3090.63 0.004578
3091.157 0.004458
3091.685 0.004369
3092.212 0.004279
3092.74 0.004189
3093.267 0.0041
3093.795 0.00401
3094.322 0.00392
3094.85 0.003831
3095.378 0.003741
3095.906 0.003651
3096.434 0.003561
3096.962 0.003472
3097.49 0.003382
3098.019 0.003292
3098.547 0.003202
3099.075 0.003112
3099.604 0.003023
3100.133 0.002933
3100.661 0.002843
3101.19 0.002773
3101.719 0.002719
3102.248 0.002665
3102.777 0.002611
3103.307 0.002556
3103.836 0.002502
3104.365 0.002448
3104.895 0.002394
3105.424 0.00234
3105.954 0.002286
3106.484 0.002231
3107.014 0.002177
3107.543 0.002123
3108.073 0.002069
3108.604 0.002014
3109.134 0.00196
3109.664 0.001906
3110.195 0.001851
3110.725 0.001797
3111.256 0.001757
3111.786 0.001724
3112.317 0.001692
3112.848 0.001659
3113.379 0.001626
3113.91 0.001593
3114.441 0.00156
3114.972 0.001528
3115.503 0.001495
3116.035 0.001462
3116.566 0.001429
3117.098 0.001396
3117.629 0.001363
3118.161 0.001331
3118.693 0.001298
3119.225 0.001265
3119.757 0.001232
3120.289 0.001199
3120.821 0.001166
3121.354 0.001143
3121.886 0.001123
3122.418 0.001102
3122.951 0.001082
3123.484 0.001061
3124.016 0.00104
3124.549 0.00102
3125.082 0.000999
3125.615 0.000978
3126.148 0.000958
3126.681 0.000937
3127.215 0.000917
3127.748 0.000896
3128.281 0.000875
3128.815 0.000855
3129.349 0.000834
3129.883 0.000813
3130.417 0.000793
3130.95 0.000773
3131.484 0.00076
3132.019 0.000747
3132.553 0.000734
3133.087 0.000722
3133.621 0.000709
3134.156 0.000696
3134.69 0.000683
3135.225 0.00067
3135.76 0.000658
3136.295 0.000645
3136.83 0.000632
3137.365 0.000619
3137.9 0.000606
3138.435 0.000594
3138.97 0.000581
3139.506 0.000568
3140.041 0.000555
3140.577 0.000542
3141.112 0.000531
3141.648 0.000522
3142.184 0.000514
3142.72 0.000505
3143.256 0.000496
3143.792 0.000487
3144.328 0.000479
3144.865 0.00047
3145.401 0.000461
3145.937 0.000453
3146.474 0.000444
3147.01 0.000435
3147.547 0.000426
3148.084 0.000418
3148.621 0.000409
3149.158 0.0004