6760.0 0.0
6761.0 0.00089746
6762.0 0.00179497
6763.0 0.00269252
6764.0 0.00359011
6765.0 0.00446414
6766.0 0.00533708
6767.0 0.00623331
6768.0 0.00712921
6769.0 0.00802478
6770.0 0.00892002
6771.0 0.00981623
6772.0 0.0107123
6773.0 0.0115848
6774.0 0.0124571
6775.0 0.0133529
6776.0 0.0142517
6777.0 0.0151507
6778.0 0.01605
6779.0 0.0169496
6780.0 0.0178495
6781.0 0.0187223
6782.0 0.0195949
6783.0 0.0204911
6784.0 0.0213872
6785.0 0.0222832
6786.0 0.0231792
6787.0 0.024075
6788.0 0.0249708
6789.0 0.0258429
6790.0 0.0267149
6791.0 0.0276068
6792.0 0.0284984
6793.0 0.0293896
6794.0 0.0302805
6795.0 0.0311711
6796.0 0.0320614
6797.0 0.0329278
6798.0 0.0337939
6799.0 0.0346832
6800.0 0.0355722
6801.0 0.0364705
6802.0 0.0373689
6803.0 0.0382674
6804.0 0.0391661
6805.0 0.0400413
6806.0 0.0409081
6807.0 0.0417983
6808.0 0.0426882
6809.0 0.0435779
6810.0 0.0444674
6811.0 0.0462482
6812.0 0.0480283
6813.0 0.0497842
6814.0 0.0515394
6815.0 0.0533174
6816.0 0.0550947
6817.0 0.0568478
6818.0 0.0586002
6819.0 0.0603754
6820.0 0.0621499
6821.0 0.0639049
6822.0 0.0656595
6823.0 0.0674372
6824.0 0.0692144
6825.0 0.0709676
6826.0 0.0727357
6827.0 0.0745276
6828.0 0.0763198
6829.0 0.0780888
6830.0 0.0798581
6831.0 0.0816334
6832.0 0.0834083
6833.0 0.0851592
6834.0 0.0869096
6835.0 0.088683
6836.0 0.090456
6837.0 0.0922052
6838.0 0.093954
6839.0 0.0957258
6840.0 0.0974971
6841.0 0.0992356
6842.0 0.100973
6843.0 0.102734
6844.0 0.104493
6845.0 0.106228
6846.0 0.107962
6847.0 0.109718
6848.0 0.111473
6849.0 0.113204
6850.0 0.114934
6851.0 0.116699
6852.0 0.118463
6853.0 0.120203
6854.0 0.121942
6855.0 0.123704
6856.0 0.125334
6857.0 0.126936
6858.0 0.128533
6859.0 0.13015
6860.0 0.131762
6861.0 0.132222
6862.0 0.132647
6863.0 0.133016
6864.0 0.133351
6865.0 0.133674
6866.0 0.131922
6867.0 0.130065
6868.0 0.128124
6869.0 0.12612
6870.0 0.124031
6871.0 0.123748
6872.0 0.123425
6873.0 0.123082
6874.0 0.122698
6875.0 0.122256
6876.0 0.125681
6877.0 0.129169
6878.0 0.132702
6879.0 0.136262
6880.0 0.139867
6881.0 0.143149
6882.0 0.146469
6883.0 0.149806
6884.0 0.15318
6885.0 0.156612
6886.0 0.157653
6887.0 0.158663
6888.0 0.159662
6889.0 0.16067
6890.0 0.161669
6891.0 0.16318
6892.0 0.164691
6893.0 0.166223
6894.0 0.167754
6895.0 0.169265
6896.0 0.171556
6897.0 0.173881
6898.0 0.17622
6899.0 0.178552
6900.0 0.180899
6901.0 0.183142
6902.0 0.185396
6903.0 0.187642
6904.0 0.189899
6905.0 0.192189
6906.0 0.19458
6907.0 0.196963
6908.0 0.199359
6909.0 0.201789
6910.0 0.204233
6911.0 0.206468
6912.0 0.208712
6913.0 0.210944
6914.0 0.213185
6915.0 0.215457
6916.0 0.217689
6917.0 0.219908
6918.0 0.222136
6919.0 0.224394
6920.0 0.226661
6921.0 0.22884
6922.0 0.231027
6923.0 0.233243
6924.0 0.235466
6925.0 0.237675
6926.0 0.239787
6927.0 0.241927
6928.0 0.244073
6929.0 0.246203
6930.0 0.248338
6931.0 0.250216
6932.0 0.252097
6933.0 0.253957
6934.0 0.255819
6935.0 0.257706
6936.0 0.259428
6937.0 0.261128
6938.0 0.262828
6939.0 0.26455
6940.0 0.266272
6941.0 0.268041
6942.0 0.26981
6943.0 0.271603
6944.0 0.273397
6945.0 0.275169
6946.0 0.277119
6947.0 0.279095
6948.0 0.281075
6949.0 0.283034
6950.0 0.284996
6951.0 0.286843
6952.0 0.28869
6953.0 0.290516
6954.0 0.292344
6955.0 0.294195
6956.0 0.295922
6957.0 0.297626
6958.0 0.29933
6959.0 0.301056
6960.0 0.302782
6961.0 0.304874
6962.0 0.30697
6963.0 0.309046
6964.0 0.311127
6965.0 0.313234
6966.0 0.315411
6967.0 0.317571
6968.0 0.319734
6969.0 0.321926
6970.0 0.324122
6971.0 0.325918
6972.0 0.327715
6973.0 0.329535
6974.0 0.331356
6975.0 0.333155
6976.0 0.334814
6977.0 0.336495
6978.0 0.338175
6979.0 0.339831
6980.0 0.341487
6981.0 0.343034
6982.0 0.34458
6983.0 0.3461
6984.0 0.347618
6985.0 0.349156
6986.0 0.350545
6987.0 0.351908
6988.0 0.353266
6989.0 0.354644
6990.0 0.356018
6991.0 0.357719
6992.0 0.35942
6993.0 0.361144
6994.0 0.362867
6995.0 0.364567
6996.0 0.366422
6997.0 0.368301
6998.0 0.370181
6999.0 0.372039
7000.0 0.373899
7001.0 0.375678
7002.0 0.377458
7003.0 0.379214
7004.0 0.380971
7005.0 0.382751
7006.0 0.384532
7007.0 0.386289
7008.0 0.388047
7009.0 0.389828
7010.0 0.39161
7011.0 0.393337
7012.0 0.395063
7013.0 0.396766
7014.0 0.398469
7015.0 0.400194
7016.0 0.402005
7017.0 0.403585
7018.0 0.405166
7019.0 0.406078
7020.0 0.406991
7021.0 0.407859
7022.0 0.408726
7023.0 0.409593
7024.0 0.410461
7025.0 0.411328
7026.0 0.412369
7027.0 0.413388
7028.0 0.414407
7029.0 0.41545
7030.0 0.416494
7031.0 0.417761
7032.0 0.41903
7033.0 0.4203
7034.0 0.421572
7035.0 0.422823
7036.0 0.42372
7037.0 0.424641
7038.0 0.425562
7039.0 0.426483
7040.0 0.427404
7041.0 0.428257
7042.0 0.429109
7043.0 0.429961
7044.0 0.430813
7045.0 0.431641
7046.0 0.432469
7047.0 0.433321
7048.0 0.434172
7049.0 0.435023
7050.0 0.435874
7051.0 0.43679
7052.0 0.437707
7053.0 0.43795
7054.0 0.438193
7055.0 0.438227
7056.0 0.438354
7057.0 0.43848
7058.0 0.438606
7059.0 0.438732
7060.0 0.438858
7061.0 0.438926
7062.0 0.438993
7063.0 0.43906
7064.0 0.439127
7065.0 0.439194
7066.0 0.439261
7067.0 0.439329
7068.0 0.439396
7069.0 0.439463
7070.0 0.43953
7071.0 0.439553
7072.0 0.439577
7073.0 0.4396
7074.0 0.439624
7075.0 0.439647
7076.0 0.43967
7077.0 0.439694
7078.0 0.439717
7079.0 0.439741
7080.0 0.439764
7081.0 0.439844
7082.0 0.439924
7083.0 0.440004
7084.0 0.440084
7085.0 0.440164
7086.0 0.440244
7087.0 0.440324
7088.0 0.440403
7089.0 0.440483
7090.0 0.440563
7091.0 0.440604
7092.0 0.440645
7093.0 0.440686
7094.0 0.440727
7095.0 0.440768
7096.0 0.440809
7097.0 0.44085
7098.0 0.440891
7099.0 0.440932
7100.0 0.440972
7101.0 0.440999
7102.0 0.441026
7103.0 0.441053
7104.0 0.44108
7105.0 0.441106
7106.0 0.441133
7107.0 0.44116
7108.0 0.441187
7109.0 0.441213
7110.0 0.44124
7111.0 0.441345
7112.0 0.441449
7113.0 0.441553
7114.0 0.441658
7115.0 0.441762
7116.0 0.441867
7117.0 0.441971
7118.0 0.442076
7119.0 0.44218
7120.0 0.442284
7121.0 0.442195
7122.0 0.442106
7123.0 0.442016
7124.0 0.441927
7125.0 0.441837
7126.0 0.44184
7127.0 0.441843
7128.0 0.441845
7129.0 0.441848
7130.0 0.44185
7131.0 0.441845
7132.0 0.441841
7133.0 0.441836
7134.0 0.441831
7135.0 0.441826
7136.0 0.441822
7137.0 0.441818
7138.0 0.441815
7139.0 0.441811
7140.0 0.441807
7141.0 0.441751
7142.0 0.441695
7143.0 0.441639
7144.0 0.441581
7145.0 0.441523
7146.0 0.441464
7147.0 0.441405
7148.0 0.441344
7149.0 0.441282
7150.0 0.44122
7151.0 0.441156
7152.0 0.441091
7153.0 0.441026
7154.0 0.440959
7155.0 0.440892
7156.0 0.440732
7157.0 0.44057
7158.0 0.440409
7159.0 0.440247
7160.0 0.440084
7161.0 0.439229
7162.0 0.438374
7163.0 0.437519
7164.0 0.436664
7165.0 0.435809
7166.0 0.433943
7167.0 0.432078
7168.0 0.430212
7169.0 0.428346
7170.0 0.426481
7171.0 0.424768
7172.0 0.423055
7173.0 0.421341
7174.0 0.419627
7175.0 0.417913
7176.0 0.417211
7177.0 0.416509
7178.0 0.415807
7179.0 0.415104
7180.0 0.414402
7181.0 0.413077
7182.0 0.411752
7183.0 0.410427
7184.0 0.409103
7185.0 0.407779
7186.0 0.406915
7187.0 0.406052
7188.0 0.405189
7189.0 0.404326
7190.0 0.403463
7191.0 0.403566
7192.0 0.403669
7193.0 0.403771
7194.0 0.403874
7195.0 0.403976
7196.0 0.404262
7197.0 0.404548
7198.0 0.404833
7199.0 0.405118
7200.0 0.405403
7201.0 0.406352
7202.0 0.407301
7203.0 0.408249
7204.0 0.409198
7205.0 0.410147
7206.0 0.412477
7207.0 0.414807
7208.0 0.417138
7209.0 0.419469
7210.0 0.421801
7211.0 0.423998
7212.0 0.426194
7213.0 0.428391
7214.0 0.430588
7215.0 0.432785
7216.0 0.43351
7217.0 0.434235
7218.0 0.43496
7219.0 0.435685
7220.0 0.43641
7221.0 0.436254
7222.0 0.436097
7223.0 0.43594
7224.0 0.435783
7225.0 0.435626
7226.0 0.434178
7227.0 0.43273
7228.0 0.431281
7229.0 0.429832
7230.0 0.428382
7231.0 0.426122
7232.0 0.423862
7233.0 0.421603
7234.0 0.419344
7235.0 0.417086
7236.0 0.41676
7237.0 0.416435
7238.0 0.41611
7239.0 0.415784
7240.0 0.415459
7241.0 0.41567
7242.0 0.415881
7243.0 0.416094
7244.0 0.416307
7245.0 0.416521
7246.0 0.41692
7247.0 0.417321
7248.0 0.417723
7249.0 0.418126
7250.0 0.41853
7251.0 0.418889
7252.0 0.419249
7253.0 0.41961
7254.0 0.419972
7255.0 0.420334
7256.0 0.421065
7257.0 0.421797
7258.0 0.42253
7259.0 0.423263
7260.0 0.423997
7261.0 0.424045
7262.0 0.424094
7263.0 0.424143
7264.0 0.424191
7265.0 0.42424
7266.0 0.424195
7267.0 0.424151
7268.0 0.424106
7269.0 0.424062
7270.0 0.424017
7271.0 0.423229
7272.0 0.42244
7273.0 0.421651
7274.0 0.420862
7275.0 0.420073
7276.0 0.420021
7277.0 0.41997
7278.0 0.419918
7279.0 0.419867
7280.0 0.419815
7281.0 0.421282
7282.0 0.422749
7283.0 0.424217
7284.0 0.425683
7285.0 0.42715
7286.0 0.426956
7287.0 0.426762
7288.0 0.426567
7289.0 0.426372
7290.0 0.426178
7291.0 0.42652
7292.0 0.426862
7293.0 0.427206
7294.0 0.427549
7295.0 0.427894
7296.0 0.428609
7297.0 0.429325
7298.0 0.430041
7299.0 0.430759
7300.0 0.431478
7301.0 0.431168
7302.0 0.430858
7303.0 0.43055
7304.0 0.430243
7305.0 0.429937
7306.0 0.429909
7307.0 0.429882
7308.0 0.429857
7309.0 0.429832
7310.0 0.429808
7311.0 0.430146
7312.0 0.430485
7313.0 0.430823
7314.0 0.431162
7315.0 0.431501
7316.0 0.432209
7317.0 0.432917
7318.0 0.433625
7319.0 0.434333
7320.0 0.435041
7321.0 0.436073
7322.0 0.437105
7323.0 0.438137
7324.0 0.439168
7325.0 0.440199
7326.0 0.440674
7327.0 0.441149
7328.0 0.441624
7329.0 0.442098
7330.0 0.442573
7331.0 0.442582
7332.0 0.442591
7333.0 0.4426
7334.0 0.44261
7335.0 0.44262
7336.0 0.442908
7337.0 0.443198
7338.0 0.443488
7339.0 0.443778
7340.0 0.444068
7341.0 0.444219
7342.0 0.444369
7343.0 0.444519
7344.0 0.444669
7345.0 0.444817
7346.0 0.44478
7347.0 0.444742
7348.0 0.444703
7349.0 0.444663
7350.0 0.444621
7351.0 0.444714
7352.0 0.444805
7353.0 0.444895
7354.0 0.444983
7355.0 0.44507
7356.0 0.444971
7357.0 0.444871
7358.0 0.44477
7359.0 0.444668
7360.0 0.444565
7361.0 0.444515
7362.0 0.444464
7363.0 0.444413
7364.0 0.444362
7365.0 0.444312
7366.0 0.444447
7367.0 0.444583
7368.0 0.444719
7369.0 0.444855
7370.0 0.44499
7371.0 0.445266
7372.0 0.445541
7373.0 0.445816
7374.0 0.446092
7375.0 0.446367
7376.0 0.44655
7377.0 0.446732
7378.0 0.446915
7379.0 0.447097
7380.0 0.44728
7381.0 0.447282
7382.0 0.447284
7383.0 0.447286
7384.0 0.447289
7385.0 0.447291
7386.0 0.447386
7387.0 0.44748
7388.0 0.447575
7389.0 0.44767
7390.0 0.447765
7391.0 0.447805
7392.0 0.447845
7393.0 0.447885
7394.0 0.447924
7395.0 0.447964
7396.0 0.448097
7397.0 0.448229
7398.0 0.448362
7399.0 0.448495
7400.0 0.448627
7401.0 0.448723
7402.0 0.448818
7403.0 0.448914
7404.0 0.449009
7405.0 0.449104
7406.0 0.4492
7407.0 0.449295
7408.0 0.449391
7409.0 0.449486
7410.0 0.449581
7411.0 0.449574
7412.0 0.449566
7413.0 0.449558
7414.0 0.44955
7415.0 0.449543
7416.0 0.449628
7417.0 0.449713
7418.0 0.449798
7419.0 0.449883
7420.0 0.449968
7421.0 0.449945
7422.0 0.449922
7423.0 0.4499
7424.0 0.449877
7425.0 0.449854
7426.0 0.449831
7427.0 0.449808
7428.0 0.449785
7429.0 0.449763
7430.0 0.44974
7431.0 0.449883
7432.0 0.450025
7433.0 0.450168
7434.0 0.450311
7435.0 0.450454
7436.0 0.450505
7437.0 0.450555
7438.0 0.450605
7439.0 0.450655
7440.0 0.450705
7441.0 0.450701
7442.0 0.450696
7443.0 0.450691
7444.0 0.450687
7445.0 0.450682
7446.0 0.450677
7447.0 0.450673
7448.0 0.450668
7449.0 0.450663
7450.0 0.450659
7451.0 0.450653
7452.0 0.450646
7453.0 0.45064
7454.0 0.450634
7455.0 0.450628
7456.0 0.450622
7457.0 0.450616
7458.0 0.45061
7459.0 0.450604
7460.0 0.450598
7461.0 0.450577
7462.0 0.450556
7463.0 0.450535
7464.0 0.450514
7465.0 0.450493
7466.0 0.450472
7467.0 0.450451
7468.0 0.45043
7469.0 0.450409
7470.0 0.450388
7471.0 0.450495
7472.0 0.450602
7473.0 0.450708
7474.0 0.450815
7475.0 0.450921
7476.0 0.450935
7477.0 0.450949
7478.0 0.450963
7479.0 0.450977
7480.0 0.45099
7481.0 0.451006
7482.0 0.451021
7483.0 0.451036
7484.0 0.451051
7485.0 0.451066
7486.0 0.451082
7487.0 0.451097
7488.0 0.451112
7489.0 0.451127
7490.0 0.451142
7491.0 0.451149
7492.0 0.451156
7493.0 0.451163
7494.0 0.45117
7495.0 0.451177
7496.0 0.451184
7497.0 0.451191
7498.0 0.451197
7499.0 0.451204
7500.0 0.451211
7501.0 0.4512
7502.0 0.451188
7503.0 0.451177
7504.0 0.451165
7505.0 0.451154
7506.0 0.451235
7507.0 0.451316
7508.0 0.451398
7509.0 0.451479
7510.0 0.45156
7511.0 0.451557
7512.0 0.451553
7513.0 0.45155
7514.0 0.451546
7515.0 0.451543
7516.0 0.451539
7517.0 0.451536
7518.0 0.451532
7519.0 0.451529
7520.0 0.451525
7521.0 0.451516
7522.0 0.451506
7523.0 0.451497
7524.0 0.451487
7525.0 0.451478
7526.0 0.451468
7527.0 0.451459
7528.0 0.451449
7529.0 0.45144
7530.0 0.45143
7531.0 0.451497
7532.0 0.451565
7533.0 0.451632
7534.0 0.451699
7535.0 0.451766
7536.0 0.45174
7537.0 0.451714
7538.0 0.451687
7539.0 0.45166
7540.0 0.451634
7541.0 0.451604
7542.0 0.451574
7543.0 0.451545
7544.0 0.451517
7545.0 0.451489
7546.0 0.451462
7547.0 0.451436
7548.0 0.451411
7549.0 0.451387
7550.0 0.451364
7551.0 0.451331
7552.0 0.4513
7553.0 0.451269
7554.0 0.451239
7555.0 0.451211
7556.0 0.451183
7557.0 0.451156
7558.0 0.451129
7559.0 0.451103
7560.0 0.451078
7561.0 0.451097
7562.0 0.451117
7563.0 0.451137
7564.0 0.451156
7565.0 0.451175
7566.0 0.451287
7567.0 0.451398
7568.0 0.451509
7569.0 0.45162
7570.0 0.451732
7571.0 0.451736
7572.0 0.45174
7573.0 0.451744
7574.0 0.451748
7575.0 0.451752
7576.0 0.451756
7577.0 0.45176
7578.0 0.451764
7579.0 0.451768
7580.0 0.451772
7581.0 0.451451
7582.0 0.45113
7583.0 0.450808
7584.0 0.450487
7585.0 0.450165
7586.0 0.446042
7587.0 0.441919
7588.0 0.437794
7589.0 0.433669
7590.0 0.429542
7591.0 0.41284
7592.0 0.396137
7593.0 0.379434
7594.0 0.36273
7595.0 0.346027
7596.0 0.321624
7597.0 0.297221
7598.0 0.272818
7599.0 0.248416
7600.0 0.224014
7601.0 0.211027
7602.0 0.198039
7603.0 0.185051
7604.0 0.172064
7605.0 0.159076
7606.0 0.160465
7607.0 0.161853
7608.0 0.163242
7609.0 0.16463
7610.0 0.166018
7611.0 0.179171
7612.0 0.192322
7613.0 0.205471
7614.0 0.218617
7615.0 0.231761
7616.0 0.245551
7617.0 0.259339
7618.0 0.273125
7619.0 0.286908
7620.0 0.300688
7621.0 0.298741
7622.0 0.296794
7623.0 0.294846
7624.0 0.292899
7625.0 0.290952
7626.0 0.283538
7627.0 0.276124
7628.0 0.26871
7629.0 0.261296
7630.0 0.253882
7631.0 0.253959
7632.0 0.254035
7633.0 0.254112
7634.0 0.254189
7635.0 0.254266
7636.0 0.258418
7637.0 0.262569
7638.0 0.266721
7639.0 0.270871
7640.0 0.275021
7641.0 0.280006
7642.0 0.28499
7643.0 0.289974
7644.0 0.294957
7645.0 0.29994
7646.0 0.305848
7647.0 0.311755
7648.0 0.317661
7649.0 0.323567
7650.0 0.329472
7651.0 0.334753
7652.0 0.340033
7653.0 0.345313
7654.0 0.350594
7655.0 0.355875
7656.0 0.360045
7657.0 0.364215
7658.0 0.368386
7659.0 0.372557
7660.0 0.376727
7661.0 0.380286
7662.0 0.383845
7663.0 0.387402
7664.0 0.390958
7665.0 0.394514
7666.0 0.398253
7667.0 0.401992
7668.0 0.405729
7669.0 0.409465
7670.0 0.413201
7671.0 0.415672
7672.0 0.418144
7673.0 0.420615
7674.0 0.423086
7675.0 0.425557
7676.0 0.426918
7677.0 0.428279
7678.0 0.42964
7679.0 0.431001
7680.0 0.432362
7681.0 0.4333
7682.0 0.434238
7683.0 0.435175
7684.0 0.436113
7685.0 0.437051
7686.0 0.437711
7687.0 0.43837
7688.0 0.43903
7689.0 0.439689
7690.0 0.440349
7691.0 0.440863
7692.0 0.441377
7693.0 0.441893
7694.0 0.442408
7695.0 0.442925
7696.0 0.443628
7697.0 0.444331
7698.0 0.445036
7699.0 0.445742
7700.0 0.446449
7701.0 0.44689
7702.0 0.447332
7703.0 0.447776
7704.0 0.44822
7705.0 0.448666
7706.0 0.448836
7707.0 0.449008
7708.0 0.44918
7709.0 0.449353
7710.0 0.449526
7711.0 0.449627
7712.0 0.449728
7713.0 0.449829
7714.0 0.44993
7715.0 0.45003
7716.0 0.450037
7717.0 0.450043
7718.0 0.450049
7719.0 0.450054
7720.0 0.45006
7721.0 0.450093
7722.0 0.450127
7723.0 0.45016
7724.0 0.450192
7725.0 0.450225
7726.0 0.450257
7727.0 0.450288
7728.0 0.45032
7729.0 0.450351
7730.0 0.450383
7731.0 0.45046
7732.0 0.450538
7733.0 0.450616
7734.0 0.450694
7735.0 0.450772
7736.0 0.450758
7737.0 0.450745
7738.0 0.450732
7739.0 0.450719
7740.0 0.450705
7741.0 0.450705
7742.0 0.450704
7743.0 0.450702
7744.0 0.4507
7745.0 0.450697
7746.0 0.450693
7747.0 0.450689
7748.0 0.450683
7749.0 0.450677
7750.0 0.450669
7751.0 0.450646
7752.0 0.450622
7753.0 0.450598
7754.0 0.450572
7755.0 0.450545
7756.0 0.450518
7757.0 0.45049
7758.0 0.450461
7759.0 0.450432
7760.0 0.450402
7761.0 0.450381
7762.0 0.450359
7763.0 0.450337
7764.0 0.450316
7765.0 0.450295
7766.0 0.450274
7767.0 0.450254
7768.0 0.450233
7769.0 0.450213
7770.0 0.450192
7771.0 0.450159
7772.0 0.450126
7773.0 0.450093
7774.0 0.45006
7775.0 0.450027
7776.0 0.449994
7777.0 0.449961
7778.0 0.449927
7779.0 0.449894
7780.0 0.449861
7781.0 0.449835
7782.0 0.449809
7783.0 0.449784
7784.0 0.449758
7785.0 0.449732
7786.0 0.449706
7787.0 0.44968
7788.0 0.449654
7789.0 0.449628
7790.0 0.449602
7791.0 0.44968
7792.0 0.449757
7793.0 0.449835
7794.0 0.449913
7795.0 0.449991
7796.0 0.449976
7797.0 0.449962
7798.0 0.449947
7799.0 0.449933
7800.0 0.449918
7801.0 0.449853
7802.0 0.449789
7803.0 0.449724
7804.0 0.449659
7805.0 0.449594
7806.0 0.449529
7807.0 0.449465
7808.0 0.4494
7809.0 0.449335
7810.0 0.44927
7811.0 0.449274
7812.0 0.449278
7813.0 0.449281
7814.0 0.449285
7815.0 0.449289
7816.0 0.449292
7817.0 0.449296
7818.0 0.4493
7819.0 0.449303
7820.0 0.449307
7821.0 0.449277
7822.0 0.449247
7823.0 0.449217
7824.0 0.449187
7825.0 0.449158
7826.0 0.449128
7827.0 0.449098
7828.0 0.449068
7829.0 0.449038
7830.0 0.449008
7831.0 0.448979
7832.0 0.44895
7833.0 0.448921
7834.0 0.448892
7835.0 0.448863
7836.0 0.448834
7837.0 0.448804
7838.0 0.448775
7839.0 0.448746
7840.0 0.448717
7841.0 0.448672
7842.0 0.448626
7843.0 0.448581
7844.0 0.448536
7845.0 0.44849
7846.0 0.448445
7847.0 0.4484
7848.0 0.448354
7849.0 0.448309
7850.0 0.448264
7851.0 0.448263
7852.0 0.448263
7853.0 0.448262
7854.0 0.448262
7855.0 0.448262
7856.0 0.448261
7857.0 0.448261
7858.0 0.448261
7859.0 0.44826
7860.0 0.44826
7861.0 0.448131
7862.0 0.448002
7863.0 0.447873
7864.0 0.447744
7865.0 0.447615
7866.0 0.447578
7867.0 0.447541
7868.0 0.447504
7869.0 0.447467
7870.0 0.44743
7871.0 0.447325
7872.0 0.44722
7873.0 0.447115
7874.0 0.44701
7875.0 0.446905
7876.0 0.446891
7877.0 0.446878
7878.0 0.446865
7879.0 0.446852
7880.0 0.446838
7881.0 0.446702
7882.0 0.446566
7883.0 0.44643
7884.0 0.446294
7885.0 0.446158
7886.0 0.44593
7887.0 0.445703
7888.0 0.445475
7889.0 0.445248
7890.0 0.44502
7891.0 0.44479
7892.0 0.44456
7893.0 0.44433
7894.0 0.4441
7895.0 0.44387
7896.0 0.443824
7897.0 0.443777
7898.0 0.44373
7899.0 0.443683
7900.0 0.443636
7901.0 0.443583
7902.0 0.443529
7903.0 0.443475
7904.0 0.443422
7905.0 0.443368
7906.0 0.443315
7907.0 0.443261
7908.0 0.443207
7909.0 0.443154
7910.0 0.4431
7911.0 0.443276
7912.0 0.443453
7913.0 0.443629
7914.0 0.443805
7915.0 0.443982
7916.0 0.443975
7917.0 0.443969
7918.0 0.443962
7919.0 0.443956
7920.0 0.44395
7921.0 0.443804
7922.0 0.443659
7923.0 0.443514
7924.0 0.443368
7925.0 0.443223
7926.0 0.44326
7927.0 0.443298
7928.0 0.443335
7929.0 0.443372
7930.0 0.443409
7931.0 0.443672
7932.0 0.443934
7933.0 0.444196
7934.0 0.444458
7935.0 0.444721
7936.0 0.444983
7937.0 0.445245
7938.0 0.445507
7939.0 0.445769
7940.0 0.446031
7941.0 0.44599
7942.0 0.445949
7943.0 0.445908
7944.0 0.445867
7945.0 0.445826
7946.0 0.445694
7947.0 0.445561
7948.0 0.445429
7949.0 0.445297
7950.0 0.445165
7951.0 0.44495
7952.0 0.444734
7953.0 0.444519
7954.0 0.444304
7955.0 0.444089
7956.0 0.4436
7957.0 0.443112
7958.0 0.442624
7959.0 0.442135
7960.0 0.441647
7961.0 0.441394
7962.0 0.441141
7963.0 0.440888
7964.0 0.440635
7965.0 0.440383
7966.0 0.440676
7967.0 0.440969
7968.0 0.441262
7969.0 0.441554
7970.0 0.441847
7971.0 0.442082
7972.0 0.442318
7973.0 0.442553
7974.0 0.442788
7975.0 0.443024
7976.0 0.443077
7977.0 0.44313
7978.0 0.443184
7979.0 0.443237
7980.0 0.44329
7981.0 0.443286
7982.0 0.443281
7983.0 0.443277
7984.0 0.443272
7985.0 0.443268
7986.0 0.443263
7987.0 0.443259
7988.0 0.443254
7989.0 0.44325
7990.0 0.443245
7991.0 0.44322
7992.0 0.443194
7993.0 0.443169
7994.0 0.443143
7995.0 0.443118
7996.0 0.442911
7997.0 0.442703
7998.0 0.442496
7999.0 0.442289
8000.0 0.442082
8001.0 0.441835
8002.0 0.441588
8003.0 0.441341
8004.0 0.441094
8005.0 0.440847
8006.0 0.440782
8007.0 0.440717
8008.0 0.440651
8009.0 0.440586
8010.0 0.44052
8011.0 0.440518
8012.0 0.440516
8013.0 0.440514
8014.0 0.440512
8015.0 0.44051
8016.0 0.440599
8017.0 0.440688
8018.0 0.440776
8019.0 0.440865
8020.0 0.440954
8021.0 0.440935
8022.0 0.440917
8023.0 0.440898
8024.0 0.44088
8025.0 0.440861
8026.0 0.440843
8027.0 0.440825
8028.0 0.440806
8029.0 0.440788
8030.0 0.440769
8031.0 0.440872
8032.0 0.440975
8033.0 0.441079
8034.0 0.441182
8035.0 0.441285
8036.0 0.441297
8037.0 0.441099
8038.0 0.440902
8039.0 0.440026
8040.0 0.43915
8041.0 0.438221
8042.0 0.437292
8043.0 0.436363
8044.0 0.435435
8045.0 0.434529
8046.0 0.433803
8047.0 0.433052
8048.0 0.4323
8049.0 0.431548
8050.0 0.430796
8051.0 0.430073
8052.0 0.42935
8053.0 0.428626
8054.0 0.427901
8055.0 0.427199
8056.0 0.426322
8057.0 0.425422
8058.0 0.424521
8059.0 0.423621
8060.0 0.42272
8061.0 0.421814
8062.0 0.420909
8063.0 0.420026
8064.0 0.419144
8065.0 0.418238
8066.0 0.417332
8067.0 0.416427
8068.0 0.415521
8069.0 0.414616
8070.0 0.413711
8071.0 0.412798
8072.0 0.411886
8073.0 0.410294
8074.0 0.408703
8075.0 0.406878
8076.0 0.405053
8077.0 0.403252
8078.0 0.401452
8079.0 0.399628
8080.0 0.397805
8081.0 0.395916
8082.0 0.394028
8083.0 0.392165
8084.0 0.390302
8085.0 0.388417
8086.0 0.386533
8087.0 0.384673
8088.0 0.382815
8089.0 0.380934
8090.0 0.379054
8091.0 0.377241
8092.0 0.375428
8093.0 0.373593
8094.0 0.371758
8095.0 0.369948
8096.0 0.368213
8097.0 0.366455
8098.0 0.364697
8099.0 0.362962
8100.0 0.361226
8101.0 0.359458
8102.0 0.357689
8103.0 0.355943
8104.0 0.354198
8105.0 0.352429
8106.0 0.350516
8107.0 0.348628
8108.0 0.346742
8109.0 0.344833
8110.0 0.342926
8111.0 0.340935
8112.0 0.338946
8113.0 0.336937
8114.0 0.33493
8115.0 0.332949
8116.0 0.331039
8117.0 0.329107
8118.0 0.327178
8119.0 0.325273
8120.0 0.32337
8121.0 0.321557
8122.0 0.319744
8123.0 0.317955
8124.0 0.316167
8125.0 0.314356
8126.0 0.312093
8127.0 0.309858
8128.0 0.307629
8129.0 0.305383
8130.0 0.303143
8131.0 0.300441
8132.0 0.297751
8133.0 0.295094
8134.0 0.292449
8135.0 0.289792
8136.0 0.287696
8137.0 0.285626
8138.0 0.283561
8139.0 0.281478
8140.0 0.2794
8141.0 0.277552
8142.0 0.275706
8143.0 0.27384
8144.0 0.271975
8145.0 0.270136
8146.0 0.267896
8147.0 0.26564
8148.0 0.263392
8149.0 0.261173
8150.0 0.258961
8151.0 0.256652
8152.0 0.254351
8153.0 0.25208
8154.0 0.249817
8155.0 0.247541
8156.0 0.245326
8157.0 0.243141
8158.0 0.240964
8159.0 0.238772
8160.0 0.236587
8161.0 0.234637
8162.0 0.23269
8163.0 0.230727
8164.0 0.228769
8165.0 0.226836
8166.0 0.225912
8167.0 0.224956
8168.0 0.22399
8169.0 0.223035
8170.0 0.222071
8171.0 0.220423
8172.0 0.218775
8173.0 0.217149
8174.0 0.215523
8175.0 0.213875
8176.0 0.211388
8177.0 0.208937
8178.0 0.206498
8179.0 0.20405
8180.0 0.201616
8181.0 0.200608
8182.0 0.199591
8183.0 0.198585
8184.0 0.197569
8185.0 0.196521
8186.0 0.195335
8187.0 0.194162
8188.0 0.192982
8189.0 0.191772
8190.0 0.190555
8191.0 0.188949
8192.0 0.187342
8193.0 0.185713
8194.0 0.184083
8195.0 0.182475
8196.0 0.180826
8197.0 0.179156
8198.0 0.177485
8199.0 0.175837
8200.0 0.174188
8201.0 0.173424
8202.0 0.172642
8203.0 0.171865
8204.0 0.171071
8205.0 0.170237
8206.0 0.169171
8207.0 0.168115
8208.0 0.167046
8209.0 0.165942
8210.0 0.164824
8211.0 0.163026
8212.0 0.161229
8213.0 0.159411
8214.0 0.157595
8215.0 0.155804
8216.0 0.153725
8217.0 0.151631
8218.0 0.149546
8219.0 0.147491
8220.0 0.145444
8221.0 0.142522
8222.0 0.139629
8223.0 0.136786
8224.0 0.133971
8225.0 0.131163
8226.0 0.128013
8227.0 0.124923
8228.0 0.121869
8229.0 0.118833
8230.0 0.115834
8231.0 0.114888
8232.0 0.113925
8233.0 0.112966
8234.0 0.11199
8235.0 0.110978
8236.0 0.11067
8237.0 0.110346
8238.0 0.109985
8239.0 0.109565
8240.0 0.109107
8241.0 0.107902
8242.0 0.106682
8243.0 0.105426
8244.0 0.104155
8245.0 0.102892
8246.0 0.101296
8247.0 0.0996734
8248.0 0.0980472
8249.0 0.09644
8250.0 0.0948293
8251.0 0.0930031
8252.0 0.0911802
8253.0 0.0893836
8254.0 0.0875902
8255.0 0.0857775
8256.0 0.0839682
8257.0 0.082185
8258.0 0.0804051
8259.0 0.0786059
8260.0 0.0768101
8261.0 0.0753027
8262.0 0.0737868
8263.0 0.0722396
8264.0 0.0706838
8265.0 0.0691423
8266.0 0.0674798
8267.0 0.0657915
8268.0 0.0641004
8269.0 0.0624295
8270.0 0.0607559
8271.0 0.0587102
8272.0 0.0566823
8273.0 0.0546947
8274.0 0.0527247
8275.0 0.0507498
8276.0 0.0488972
8277.0 0.0470774
8278.0 0.0452678
8279.0 0.0434465
8280.0 0.0416356
8281.0 0.0408812
8282.0 0.0401234
8283.0 0.0393621
8284.0 0.0385975
8285.0 0.0378517
8286.0 0.0370311
8287.0 0.036188
8288.0 0.0353448
8289.0 0.0345015
8290.0 0.0336579
8291.0 0.0328362
8292.0 0.0320132
8293.0 0.0312112
8294.0 0.0304079
8295.0 0.029581
8296.0 0.0287895
8297.0 0.0279946
8298.0 0.0271962
8299.0 0.0263943
8300.0 0.0255889
8301.0 0.0247664
8302.0 0.023943
8303.0 0.0230961
8304.0 0.0222481
8305.0 0.0213992
8306.0 0.0205797
8307.0 0.0197566
8308.0 0.01893
8309.0 0.0181228
8310.0 0.0173122
8311.0 0.0164397
8312.0 0.0155675
8313.0 0.0146955
8314.0 0.0138238
8315.0 0.0129523
8316.0 0.0120532
8317.0 0.0111812
8318.0 0.0103133
8319.0 0.00942682
8320.0 0.00854462
8321.0 0.0076985
8322.0 0.00684951
8323.0 0.00599765
8324.0 0.0051429
8325.0 0.00430808
8326.0 0.00347263
8327.0 0.00261042
8328.0 0.00174425
8329.0 0.000874107
8330.0 0.0