3864.0 0.0
3865.0 0.0001683074
3866.0 0.0003373508
3867.0 0.0006672781
3868.0 0.0009986422
3869.0 0.001340381
3870.0 0.0016835995
3871.0 0.002019837
3872.0 0.0023576901
3873.0 0.0027061824
3874.0 0.0030563402
3875.0 0.003408166
3876.0 0.003760588
3877.0 0.00410538
3878.0 0.0044516074
3879.0 0.004808415
3880.0 0.0051667015
3881.0 0.005518349
3882.0 0.005871573
3883.0 0.006235599
3884.0 0.006601248
3885.0 0.006959255
3886.0 0.0073209247
3887.0 0.007693694
3888.0 0.008068301
3889.0 0.008435391
3890.0 0.008804283
3891.0 0.009181272
3892.0 0.00955987
3893.0 0.009940081
3894.0 0.010321912
3895.0 0.010695879
3896.0 0.011071431
3897.0 0.011458107
3898.0 0.011846423
3899.0 0.012226813
3900.0 0.012608814
3901.0 0.01300421
3902.0 0.013401408
3903.0 0.013790751
3904.0 0.0141818635
3905.0 0.014584461
3906.0 0.014984647
3907.0 0.015386439
3908.0 0.015789839
3909.0 0.016185058
3910.0 0.016581846
3911.0 0.016991643
3912.0 0.017403115
3913.0 0.017806385
3914.0 0.01821128
3915.0 0.018816177
3916.0 0.019423552
3917.0 0.020212745
3918.0 0.021005219
3919.0 0.021800973
3920.0 0.02260001
3921.0 0.023405427
3922.0 0.024214348
3923.0 0.025026772
3924.0 0.0258427
3925.0 0.02666213
3926.0 0.027477344
3927.0 0.02829562
3928.0 0.029116955
3929.0 0.029941356
3930.0 0.03076882
3931.0 0.031616412
3932.0 0.032467462
3933.0 0.03331166
3934.0 0.03415928
3935.0 0.03501032
3936.0 0.03587479
3937.0 0.036743138
3938.0 0.03761538
3939.0 0.03849155
3940.0 0.03937166
3941.0 0.040236935
3942.0 0.041105416
3943.0 0.041977122
3944.0 0.042852078
3945.0 0.043730304
3946.0 0.044611786
3947.0 0.04549654
3948.0 0.04638458
3949.0 0.04728661
3950.0 0.048192024
3951.0 0.049078934
3952.0 0.04996884
3953.0 0.05086176
3954.0 0.051757716
3955.0 0.05265671
3956.0 0.05355887
3957.0 0.05446417
3958.0 0.055372573
3959.0 0.05628405
3960.0 0.057198573
3961.0 0.058143057
3962.0 0.059091326
3963.0 0.060043342
3964.0 0.06099906
3965.0 0.06196943
3966.0 0.062926106
3967.0 0.063874975
3968.0 0.06482699
3969.0 0.065782115
3970.0 0.0667403
3971.0 0.06769233
3972.0 0.06864712
3973.0 0.06960461
3974.0 0.07056479
3975.0 0.07152761
3976.0 0.07249305
3977.0 0.07346116
3978.0 0.074431956
3979.0 0.07540544
3980.0 0.07638165
3981.0 0.07737003
3982.0 0.07836118
3983.0 0.0793438
3984.0 0.080329254
3985.0 0.081317596
3986.0 0.08233158
3987.0 0.083348915
3988.0 0.08436962
3989.0 0.08539371
3990.0 0.08642122
3991.0 0.08742679
3992.0 0.08843526
3993.0 0.089446664
3994.0 0.09046104
3995.0 0.09147842
3996.0 0.09249887
3997.0 0.09352226
3998.0 0.094548605
3999.0 0.095589586
4000.0 0.09663356
4001.0 0.09766498
4002.0 0.09869928
4003.0 0.09973647
4004.0 0.100776546
4005.0 0.10181952
4006.0 0.1028654
4007.0 0.10391417
4008.0 0.10496584
4009.0 0.10602043
4010.0 0.10707792
4011.0 0.10815163
4012.0 0.10922853
4013.0 0.11030863
4014.0 0.111391924
4015.0 0.11249041
4016.0 0.113561206
4017.0 0.114622675
4018.0 0.1156868
4019.0 0.11675357
4020.0 0.11782301
4021.0 0.118896924
4022.0 0.11997354
4023.0 0.12105285
4024.0 0.122134864
4025.0 0.12321958
4026.0 0.12430701
4027.0 0.12539715
4028.0 0.12648998
4029.0 0.12758555
4030.0 0.12868384
4031.0 0.1298046
4032.0 0.13092825
4033.0 0.13204251
4034.0 0.13315962
4035.0 0.1342796
4036.0 0.13540244
4037.0 0.13652815
4038.0 0.13765672
4039.0 0.13878818
4040.0 0.13992251
4041.0 0.14104515
4042.0 0.14217044
4043.0 0.14329839
4044.0 0.144429
4045.0 0.14556226
4046.0 0.14673781
4047.0 0.14791664
4048.0 0.14909872
4049.0 0.15029666
4050.0 0.1514979
4051.0 0.15265372
4052.0 0.15381229
4053.0 0.15497363
4054.0 0.1561377
4055.0 0.15730456
4056.0 0.15847418
4057.0 0.15964657
4058.0 0.16082172
4059.0 0.16199966
4060.0 0.16318037
4061.0 0.1643694
4062.0 0.16556129
4063.0 0.16675603
4064.0 0.16795366
4065.0 0.16916701
4066.0 0.17038327
4067.0 0.17158955
4068.0 0.1727987
4069.0 0.17401074
4070.0 0.17522565
4071.0 0.17641258
4072.0 0.17760204
4073.0 0.17879401
4074.0 0.1799885
4075.0 0.18118551
4076.0 0.18238506
4077.0 0.18358712
4078.0 0.18479171
4079.0 0.18599884
4080.0 0.1872085
4081.0 0.18843618
4082.0 0.18966645
4083.0 0.19088615
4084.0 0.19210844
4085.0 0.1933333
4086.0 0.19456074
4087.0 0.19579077
4088.0 0.19702338
4089.0 0.19825858
4090.0 0.19949637
4091.0 0.20073497
4092.0 0.20197614
4093.0 0.20321989
4094.0 0.20446621
4095.0 0.20571512
4096.0 0.20696661
4097.0 0.20822068
4098.0 0.20947734
4099.0 0.21075001
4100.0 0.21202531
4101.0 0.21331245
4102.0 0.21460241
4103.0 0.21589518
4104.0 0.21719077
4105.0 0.2184892
4106.0 0.21984881
4107.0 0.22121193
4108.0 0.22257853
4109.0 0.22394864
4110.0 0.22532225
4111.0 0.22662197
4112.0 0.22792439
4113.0 0.22922952
4114.0 0.23053735
4115.0 0.2318616
4116.0 0.2331886
4117.0 0.2345046
4118.0 0.2358233
4119.0 0.23714472
4120.0 0.23846886
4121.0 0.2397436
4122.0 0.24102055
4123.0 0.2419121
4124.0 0.24280508
4125.0 0.24356078
4126.0 0.24431765
4127.0 0.24508959
4128.0 0.24586271
4129.0 0.24663703
4130.0 0.24741255
4131.0 0.24822819
4132.0 0.24904531
4133.0 0.24987787
4134.0 0.25071192
4135.0 0.25153342
4136.0 0.2523564
4137.0 0.2531949
4138.0 0.25403488
4139.0 0.25486228
4140.0 0.25569114
4141.0 0.25652543
4142.0 0.2573611
4143.0 0.2581841
4144.0 0.2590085
4145.0 0.2598485
4146.0 0.26068994
4147.0 0.2615328
4148.0 0.26237714
4149.0 0.26320866
4150.0 0.26404157
4151.0 0.26488113
4152.0 0.26572207
4153.0 0.26655006
4154.0 0.26737943
4155.0 0.2682245
4156.0 0.26907098
4157.0 0.269775
4158.0 0.2704801
4159.0 0.27078256
4160.0 0.27108517
4161.0 0.27137116
4162.0 0.27165735
4163.0 0.27194372
4164.0 0.27223027
4165.0 0.272517
4166.0 0.27280393
4167.0 0.27309105
4168.0 0.27337834
4169.0 0.27366582
4170.0 0.2739535
4171.0 0.27425417
4172.0 0.27455503
4173.0 0.27485603
4174.0 0.27515724
4175.0 0.2754586
4176.0 0.2757601
4177.0 0.27606183
4178.0 0.2763637
4179.0 0.27666572
4180.0 0.27696794
4181.0 0.27725014
4182.0 0.27753252
4183.0 0.27781504
4184.0 0.27809778
4185.0 0.27838066
4186.0 0.27866375
4187.0 0.278947
4188.0 0.27923042
4189.0 0.27951398
4190.0 0.27979776
4191.0 0.28006992
4192.0 0.28034222
4193.0 0.28061467
4194.0 0.28088728
4195.0 0.28116006
4196.0 0.281433
4197.0 0.28170604
4198.0 0.28197926
4199.0 0.28225267
4200.0 0.2825262
4201.0 0.28284043
4202.0 0.28315485
4203.0 0.28346947
4204.0 0.28378427
4205.0 0.28409925
4206.0 0.2844144
4207.0 0.28472978
4208.0 0.28504533
4209.0 0.28536108
4210.0 0.28567702
4211.0 0.28594854
4212.0 0.28622025
4213.0 0.28649208
4214.0 0.28676406
4215.0 0.2870362
4216.0 0.28730848
4217.0 0.2875809
4218.0 0.28785348
4219.0 0.2881262
4220.0 0.28839907
4221.0 0.28867817
4222.0 0.28895745
4223.0 0.28923684
4224.0 0.28951642
4225.0 0.28979614
4226.0 0.29007605
4227.0 0.2903561
4228.0 0.2906363
4229.0 0.29091665
4230.0 0.29119718
4231.0 0.29139954
4232.0 0.29160193
4233.0 0.29180437
4234.0 0.29200688
4235.0 0.29220942
4236.0 0.29248708
4237.0 0.2927649
4238.0 0.29304287
4239.0 0.29332098
4240.0 0.29359925
4241.0 0.2938799
4242.0 0.2941607
4243.0 0.29444164
4244.0 0.29472277
4245.0 0.295004
4246.0 0.29528543
4247.0 0.29556704
4248.0 0.29584876
4249.0 0.29613066
4250.0 0.2964127
4251.0 0.29671174
4252.0 0.297011
4253.0 0.2973104
4254.0 0.29761
4255.0 0.29790983
4256.0 0.29820982
4257.0 0.29851
4258.0 0.29881036
4259.0 0.2991109
4260.0 0.29941165
4261.0 0.29965034
4262.0 0.29988912
4263.0 0.30012804
4264.0 0.3003671
4265.0 0.30060622
4266.0 0.3008455
4267.0 0.30108488
4268.0 0.30132437
4269.0 0.30156398
4270.0 0.30180374
4271.0 0.30206868
4272.0 0.30233377
4273.0 0.30259898
4274.0 0.30286428
4275.0 0.30312976
4276.0 0.30331823
4277.0 0.30350676
4278.0 0.30369532
4279.0 0.30388388
4280.0 0.3040725
4281.0 0.30443332
4282.0 0.3047944
4283.0 0.30515572
4284.0 0.30551735
4285.0 0.3058792
4286.0 0.30616373
4287.0 0.3064484
4288.0 0.30673325
4289.0 0.30701822
4290.0 0.30730337
4291.0 0.3076073
4292.0 0.30791143
4293.0 0.30821574
4294.0 0.30852023
4295.0 0.3088249
4296.0 0.3090516
4297.0 0.3092784
4298.0 0.30950525
4299.0 0.3097322
4300.0 0.3099592
4301.0 0.3101984
4302.0 0.3104377
4303.0 0.31067714
4304.0 0.3109167
4305.0 0.31115636
4306.0 0.31139612
4307.0 0.311636
4308.0 0.311876
4309.0 0.31211612
4310.0 0.31235632
4311.0 0.31264478
4312.0 0.3129334
4313.0 0.31322217
4314.0 0.3135111
4315.0 0.3138002
4316.0 0.31408942
4317.0 0.3143788
4318.0 0.31466836
4319.0 0.31495804
4320.0 0.31524792
4321.0 0.31550774
4322.0 0.31576768
4323.0 0.3160278
4324.0 0.31628802
4325.0 0.3165484
4326.0 0.31672934
4327.0 0.31691033
4328.0 0.31709135
4329.0 0.31727242
4330.0 0.31745356
4331.0 0.31768543
4332.0 0.3179174
4333.0 0.31814948
4334.0 0.31838164
4335.0 0.31861392
4336.0 0.31884667
4337.0 0.31907976
4338.0 0.3193131
4339.0 0.31954652
4340.0 0.31977993
4341.0 0.31999156
4342.0 0.32020292
4343.0 0.32041395
4344.0 0.32062453
4345.0 0.32083467
4346.0 0.32112473
4347.0 0.32141432
4348.0 0.3217034
4349.0 0.32199195
4350.0 0.32227993
4351.0 0.32252222
4352.0 0.32276392
4353.0 0.32300505
4354.0 0.3232456
4355.0 0.32348564
4356.0 0.3237255
4357.0 0.32396507
4358.0 0.32420436
4359.0 0.32444337
4360.0 0.32468212
4361.0 0.32492384
4362.0 0.32516536
4363.0 0.32540673
4364.0 0.325648
4365.0 0.32588932
4366.0 0.32613045
4367.0 0.3263711
4368.0 0.32661134
4369.0 0.3268512
4370.0 0.32709077
4371.0 0.32731783
4372.0 0.3275447
4373.0 0.32777146
4374.0 0.3279982
4375.0 0.3282249
4376.0 0.32845172
4377.0 0.3286787
4378.0 0.32890588
4379.0 0.32913336
4380.0 0.32936117
4381.0 0.32951012
4382.0 0.32965946
4383.0 0.3298093
4384.0 0.3299597
4385.0 0.3301107
4386.0 0.33034402
4387.0 0.33057755
4388.0 0.33081135
4389.0 0.3310455
4390.0 0.3312801
4391.0 0.33143097
4392.0 0.33158225
4393.0 0.33173394
4394.0 0.33188605
4395.0 0.33203852
4396.0 0.3322738
4397.0 0.3325098
4398.0 0.33274657
4399.0 0.33298415
4400.0 0.33322257
4401.0 0.33347547
4402.0 0.33372924
4403.0 0.33398384
4404.0 0.3342392
4405.0 0.33449537
4406.0 0.33475226
4407.0 0.3350098
4408.0 0.33526796
4409.0 0.33552667
4410.0 0.3357858
4411.0 0.3360404
4412.0 0.33629525
4413.0 0.33655024
4414.0 0.3368052
4415.0 0.33706
4416.0 0.33731452
4417.0 0.33756912
4418.0 0.33782387
4419.0 0.33807874
4420.0 0.33833373
4421.0 0.3385366
4422.0 0.33873954
4423.0 0.3389426
4424.0 0.3391457
4425.0 0.33934885
4426.0 0.3394685
4427.0 0.33958817
4428.0 0.33970785
4429.0 0.33982754
4430.0 0.33994725
4431.0 0.34018975
4432.0 0.34043235
4433.0 0.34067506
4434.0 0.34091786
4435.0 0.34116077
4436.0 0.34140378
4437.0 0.34164688
4438.0 0.3418901
4439.0 0.3421334
4440.0 0.3423768
4441.0 0.34252176
4442.0 0.34266675
4443.0 0.3428117
4444.0 0.3429567
4445.0 0.3431017
4446.0 0.34324673
4447.0 0.34339175
4448.0 0.34353676
4449.0 0.3436818
4450.0 0.34382686
4451.0 0.34404787
4452.0 0.344269
4453.0 0.3444902
4454.0 0.3447115
4455.0 0.3449329
4456.0 0.3451544
4457.0 0.34537598
4458.0 0.34559765
4459.0 0.34581944
4460.0 0.3460413
4461.0 0.34633094
4462.0 0.34662074
4463.0 0.34691063
4464.0 0.3472007
4465.0 0.34749088
4466.0 0.3476112
4467.0 0.34773156
4468.0 0.3478519
4469.0 0.3479723
4470.0 0.3480927
4471.0 0.3483444
4472.0 0.3485962
4473.0 0.3488481
4474.0 0.34910014
4475.0 0.34935227
4476.0 0.34951916
4477.0 0.34968606
4478.0 0.349853
4479.0 0.35002
4480.0 0.35018697
4481.0 0.35040265
4482.0 0.35061842
4483.0 0.35083428
4484.0 0.3510502
4485.0 0.3512662
4486.0 0.35148275
4487.0 0.35169965
4488.0 0.3519168
4489.0 0.352134
4490.0 0.3523512
4491.0 0.352542
4492.0 0.35273257
4493.0 0.35292277
4494.0 0.35311252
4495.0 0.35330173
4496.0 0.35349038
4497.0 0.3536784
4498.0 0.35386574
4499.0 0.3540524
4500.0 0.35423833
4501.0 0.35434994
4502.0 0.3544608
4503.0 0.35457096
4504.0 0.35468036
4505.0 0.35478908
4506.0 0.35498357
4507.0 0.35517764
4508.0 0.3553713
4509.0 0.3555646
4510.0 0.35575756
4511.0 0.3559433
4512.0 0.35612884
4513.0 0.3563143
4514.0 0.3564998
4515.0 0.35668543
4516.0 0.35678482
4517.0 0.356884
4518.0 0.35698292
4519.0 0.35708162
4520.0 0.35718003
4521.0 0.3573767
4522.0 0.35757318
4523.0 0.35776946
4524.0 0.35796553
4525.0 0.35816145
4526.0 0.35835707
4527.0 0.3585525
4528.0 0.35874772
4529.0 0.35894287
4530.0 0.35913798
4531.0 0.3592116
4532.0 0.35928527
4533.0 0.35935912
4534.0 0.35943314
4535.0 0.3595075
4536.0 0.35966873
4537.0 0.35982996
4538.0 0.3599913
4539.0 0.36015296
4540.0 0.36031505
4541.0 0.36051053
4542.0 0.36070663
4543.0 0.36090353
4544.0 0.3611012
4545.0 0.3612998
4546.0 0.36149934
4547.0 0.36169982
4548.0 0.3619013
4549.0 0.36210376
4550.0 0.36230716
4551.0 0.3623702
4552.0 0.36243403
4553.0 0.36249867
4554.0 0.362564
4555.0 0.36262992
4556.0 0.36278376
4557.0 0.36293823
4558.0 0.36309326
4559.0 0.36324877
4560.0 0.36340463
4561.0 0.36350977
4562.0 0.36361504
4563.0 0.36372033
4564.0 0.36382547
4565.0 0.3639303
4566.0 0.36412236
4567.0 0.36431444
4568.0 0.3645066
4569.0 0.3646988
4570.0 0.36489105
4571.0 0.36506686
4572.0 0.36524272
4573.0 0.36541864
4574.0 0.3655946
4575.0 0.36577064
4576.0 0.36585885
4577.0 0.3659471
4578.0 0.36603537
4579.0 0.36612365
4580.0 0.36621192
4581.0 0.36628374
4582.0 0.3663556
4583.0 0.36642742
4584.0 0.36649927
4585.0 0.36657113
4586.0 0.36673132
4587.0 0.36689174
4588.0 0.36705232
4589.0 0.36721292
4590.0 0.36737347
4591.0 0.36758658
4592.0 0.36779952
4593.0 0.36801225
4594.0 0.3682247
4595.0 0.36843684
4596.0 0.36856046
4597.0 0.36868373
4598.0 0.36880657
4599.0 0.36892888
4600.0 0.36905065
4601.0 0.3692143
4602.0 0.36937732
4603.0 0.36953974
4604.0 0.3697015
4605.0 0.36986262
4606.0 0.36993477
4607.0 0.37000638
4608.0 0.37007743
4609.0 0.3701479
4610.0 0.3702179
4611.0 0.3703605
4612.0 0.37050268
4613.0 0.37064445
4614.0 0.37078592
4615.0 0.37092718
4616.0 0.37097952
4617.0 0.3710313
4618.0 0.37108263
4619.0 0.37113357
4620.0 0.3711841
4621.0 0.3712951
4622.0 0.3714059
4623.0 0.3715166
4624.0 0.37162727
4625.0 0.37173802
4626.0 0.37184906
4627.0 0.37196028
4628.0 0.3720716
4629.0 0.37218305
4630.0 0.37229463
4631.0 0.37235686
4632.0 0.3724192
4633.0 0.37248167
4634.0 0.3725443
4635.0 0.372607
4636.0 0.37275812
4637.0 0.37290883
4638.0 0.3730593
4639.0 0.37320969
4640.0 0.37336013
4641.0 0.37341624
4642.0 0.3734726
4643.0 0.3735293
4644.0 0.3735864
4645.0 0.373644
4646.0 0.37379107
4647.0 0.37393895
4648.0 0.3740877
4649.0 0.3742374
4650.0 0.37438807
4651.0 0.37454545
4652.0 0.3747039
4653.0 0.37486348
4654.0 0.37502414
4655.0 0.37518594
4656.0 0.3753488
4657.0 0.37551254
4658.0 0.37567705
4659.0 0.3758422
4660.0 0.37600788
4661.0 0.3761435
4662.0 0.37627926
4663.0 0.3764151
4664.0 0.37655076
4665.0 0.37668604
4666.0 0.37673143
4667.0 0.37677684
4668.0 0.37682226
4669.0 0.37686765
4670.0 0.37691307
4671.0 0.37707266
4672.0 0.37723228
4673.0 0.37739193
4674.0 0.37755162
4675.0 0.37771136
4676.0 0.37778172
4677.0 0.37785208
4678.0 0.37792245
4679.0 0.3779928
4680.0 0.3780632
4681.0 0.37822738
4682.0 0.37839162
4683.0 0.3785559
4684.0 0.3787202
4685.0 0.37888455
4686.0 0.37895936
4687.0 0.3790342
4688.0 0.379109
4689.0 0.37918383
4690.0 0.37925866
4691.0 0.37937266
4692.0 0.37948668
4693.0 0.37960067
4694.0 0.37971473
4695.0 0.37982875
4696.0 0.3798531
4697.0 0.37987745
4698.0 0.3799018
4699.0 0.37992615
4700.0 0.3799505
4701.0 0.380108
4702.0 0.38026553
4703.0 0.38042307
4704.0 0.3805807
4705.0 0.38073832
4706.0 0.38089597
4707.0 0.3810537
4708.0 0.38121143
4709.0 0.3813692
4710.0 0.38152704
4711.0 0.3815711
4712.0 0.38161522
4713.0 0.3816593
4714.0 0.3817034
4715.0 0.38174748
4716.0 0.38188154
4717.0 0.3820156
4718.0 0.38214967
4719.0 0.38228378
4720.0 0.3824179
4721.0 0.3824761
4722.0 0.3825343
4723.0 0.3825925
4724.0 0.38265067
4725.0 0.38270888
4726.0 0.38285714
4727.0 0.38300544
4728.0 0.38315377
4729.0 0.38330212
4730.0 0.3834505
4731.0 0.38348046
4732.0 0.38351044
4733.0 0.3835404
4734.0 0.38357037
4735.0 0.38360032
4736.0 0.38372046
4737.0 0.3838406
4738.0 0.38396075
4739.0 0.38408092
4740.0 0.38420108
4741.0 0.38423416
4742.0 0.38426727
4743.0 0.38430035
4744.0 0.38433343
4745.0 0.38436654
4746.0 0.38439962
4747.0 0.3844327
4748.0 0.38446578
4749.0 0.3844989
4750.0 0.38453197
4751.0 0.38468716
4752.0 0.3848424
4753.0 0.38499767
4754.0 0.38515297
4755.0 0.3853083
4756.0 0.3853733
4757.0 0.3854383
4758.0 0.38550332
4759.0 0.38556832
4760.0 0.38563335
4761.0 0.38574886
4762.0 0.38586438
4763.0 0.38597992
4764.0 0.38609546
4765.0 0.386211
4766.0 0.38623613
4767.0 0.38626122
4768.0 0.38628635
4769.0 0.38631144
4770.0 0.38633657
4771.0 0.38640854
4772.0 0.3864805
4773.0 0.38655248
4774.0 0.38662446
4775.0 0.38669646
4776.0 0.38685903
4777.0 0.38702166
4778.0 0.3871843
4779.0 0.38734698
4780.0 0.38750973
4781.0 0.38753438
4782.0 0.38755906
4783.0 0.38758373
4784.0 0.38760838
4785.0 0.38763306
4786.0 0.38765773
4787.0 0.38768238
4788.0 0.38770705
4789.0 0.3877317
4790.0 0.38775638
4791.0 0.3877764
4792.0 0.38779643
4793.0 0.3878165
4794.0 0.38783652
4795.0 0.38785654
4796.0 0.3878766
4797.0 0.38789663
4798.0 0.38791665
4799.0 0.38793668
4800.0 0.3879567
4801.0 0.38811353
4802.0 0.38827038
4803.0 0.38842726
4804.0 0.38858417
4805.0 0.38874114
4806.0 0.38880727
4807.0 0.38887343
4808.0 0.38893956
4809.0 0.38900572
4810.0 0.38907188
4811.0 0.38918492
4812.0 0.389298
4813.0 0.38941106
4814.0 0.38952416
4815.0 0.38963726
4816.0 0.38965943
4817.0 0.38968158
4818.0 0.38970375
4819.0 0.38972592
4820.0 0.3897481
4821.0 0.38992405
4822.0 0.39010003
4823.0 0.39027607
4824.0 0.39045218
4825.0 0.3906283
4826.0 0.39071342
4827.0 0.39079854
4828.0 0.39088365
4829.0 0.3909688
4830.0 0.39105394
4831.0 0.39116064
4832.0 0.39126736
4833.0 0.39137408
4834.0 0.39148083
4835.0 0.39158756
4836.0 0.39169478
4837.0 0.3918023
4838.0 0.39191002
4839.0 0.39201772
4840.0 0.3921253
4841.0 0.39214668
4842.0 0.3921677
4843.0 0.39218822
4844.0 0.3922082
4845.0 0.3922275
4846.0 0.39233732
4847.0 0.3924464
4848.0 0.39255467
4849.0 0.39266214
4850.0 0.39276874
4851.0 0.39277607
4852.0 0.39278257
4853.0 0.3927882
4854.0 0.39279303
4855.0 0.3927971
4856.0 0.39289188
4857.0 0.3929861
4858.0 0.39307982
4859.0 0.39317304
4860.0 0.39326584
4861.0 0.3933735
4862.0 0.39348087
4863.0 0.39358813
4864.0 0.39369532
4865.0 0.3938026
4866.0 0.39381874
4867.0 0.3938345
4868.0 0.39384994
4869.0 0.3938651
4870.0 0.39388004
4871.0 0.39397952
4872.0 0.39407885
4873.0 0.39417806
4874.0 0.3942772
4875.0 0.39437628
4876.0 0.3943841
4877.0 0.39439192
4878.0 0.39439985
4879.0 0.3944079
4880.0 0.3944161
4881.0 0.39441767
4882.0 0.3944195
4883.0 0.39442158
4884.0 0.394424
4885.0 0.39442673
4886.0 0.39442942
4887.0 0.394432
4888.0 0.3944346
4889.0 0.39443737
4890.0 0.3944404
4891.0 0.3944948
4892.0 0.3945496
4893.0 0.39460486
4894.0 0.39466062
4895.0 0.3947169
4896.0 0.39468244
4897.0 0.39464876
4898.0 0.39461586
4899.0 0.39458382
4900.0 0.39455262
4901.0 0.3946474
4902.0 0.39474303
4903.0 0.3948395
4904.0 0.39493677
4905.0 0.39503482
4906.0 0.39504233
4907.0 0.39505053
4908.0 0.39505926
4909.0 0.39506847
4910.0 0.39507806
4911.0 0.3951799
4912.0 0.39528185
4913.0 0.3953838
4914.0 0.3954856
4915.0 0.39558712
4916.0 0.39559686
4917.0 0.3956066
4918.0 0.39561638
4919.0 0.39562613
4920.0 0.39563587
4921.0 0.39575326
4922.0 0.39587066
4923.0 0.39598805
4924.0 0.39610547
4925.0 0.3962229
4926.0 0.396249
4927.0 0.39627513
4928.0 0.39630127
4929.0 0.3963274
4930.0 0.3963535
4931.0 0.3963624
4932.0 0.39637125
4933.0 0.3963801
4934.0 0.39638895
4935.0 0.3963978
4936.0 0.39649796
4937.0 0.39659816
4938.0 0.39669836
4939.0 0.39679855
4940.0 0.39689875
4941.0 0.39690596
4942.0 0.39691317
4943.0 0.39692038
4944.0 0.3969276
4945.0 0.3969348
4946.0 0.39694202
4947.0 0.39694923
4948.0 0.3969564
4949.0 0.39696363
4950.0 0.39697084
4951.0 0.3970817
4952.0 0.39719257
4953.0 0.39730346
4954.0 0.39741436
4955.0 0.39752525
4956.0 0.39754477
4957.0 0.3975643
4958.0 0.39758378
4959.0 0.3976033
4960.0 0.39762282
4961.0 0.3976815
4962.0 0.3977402
4963.0 0.3977989
4964.0 0.39785758
4965.0 0.3979163
4966.0 0.39797497
4967.0 0.39803368
4968.0 0.39809236
4969.0 0.39815107
4970.0 0.39820975
4971.0 0.39832845
4972.0 0.3984472
4973.0 0.39856592
4974.0 0.39868465
4975.0 0.3988034
4976.0 0.3988306
4977.0 0.39885777
4978.0 0.39888495
4979.0 0.39891216
4980.0 0.39893934
4981.0 0.39894274
4982.0 0.3989461
4983.0 0.3989495
4984.0 0.3989529
4985.0 0.3989563
4986.0 0.39895967
4987.0 0.39896306
4988.0 0.39896643
4989.0 0.3989698
4990.0 0.3989732
4991.0 0.39907172
4992.0 0.39917022
4993.0 0.39926875
4994.0 0.39936727
4995.0 0.3994658
4996.0 0.39947268
4997.0 0.3994796
4998.0 0.39948648
4999.0 0.39949337
5000.0 0.39950025
5001.0 0.399427
5002.0 0.39935374
5003.0 0.39928046
5004.0 0.39920717
5005.0 0.3991339
5006.0 0.39915225
5007.0 0.3991706
5008.0 0.39918894
5009.0 0.3992073
5010.0 0.39922562
5011.0 0.39923894
5012.0 0.39925224
5013.0 0.39926556
5014.0 0.39927885
5015.0 0.39929214
5016.0 0.39930543
5017.0 0.39931875
5018.0 0.39933205
5019.0 0.39934534
5020.0 0.39935863
5021.0 0.3993578
5022.0 0.39935696
5023.0 0.3993561
5024.0 0.39935526
5025.0 0.39935443
5026.0 0.39926186
5027.0 0.39916933
5028.0 0.3990768
5029.0 0.39898422
5030.0 0.39889166
5031.0 0.39891165
5032.0 0.39893162
5033.0 0.3989516
5034.0 0.39897153
5035.0 0.3989915
5036.0 0.3989204
5037.0 0.3988497
5038.0 0.39877918
5039.0 0.39870867
5040.0 0.39863795
5041.0 0.39873424
5042.0 0.39883006
5043.0 0.3989252
5044.0 0.39901957
5045.0 0.39911306
5046.0 0.39920545
5047.0 0.39929667
5048.0 0.39938676
5049.0 0.39947572
5050.0 0.39956355
5051.0 0.39956528
5052.0 0.39956596
5053.0 0.3995657
5054.0 0.3995645
5055.0 0.3995625
5056.0 0.39955994
5057.0 0.39955688
5058.0 0.39955336
5059.0 0.39954945
5060.0 0.3995453
5061.0 0.39965114
5062.0 0.39975694
5063.0 0.3998629
5064.0 0.3999691
5065.0 0.4000758
5066.0 0.40018296
5067.0 0.40029
5068.0 0.40039694
5069.0 0.40050372
5070.0 0.40061042
5071.0 0.40059668
5072.0 0.40058282
5073.0 0.40056884
5074.0 0.40055472
5075.0 0.40054047
5076.0 0.40061778
5077.0 0.40069515
5078.0 0.40077257
5079.0 0.40085012
5080.0 0.40092784
5081.0 0.40091336
5082.0 0.40089914
5083.0 0.4008852
5084.0 0.40087157
5085.0 0.4008583
5086.0 0.4009367
5087.0 0.40101495
5088.0 0.40109324
5089.0 0.4011717
5090.0 0.40125042
5091.0 0.40134132
5092.0 0.40143266
5093.0 0.40152445
5094.0 0.4016168
5095.0 0.4017097
5096.0 0.40171143
5097.0 0.40171394
5098.0 0.40171728
5099.0 0.40172145
5100.0 0.4017265
5101.0 0.4018299
5102.0 0.40193418
5103.0 0.40203932
5104.0 0.4021453
5105.0 0.40225205
5106.0 0.4022678
5107.0 0.4022842
5108.0 0.4023012
5109.0 0.4023187
5110.0 0.40233654
5111.0 0.40243807
5112.0 0.4025398
5113.0 0.40264148
5114.0 0.402743
5115.0 0.40284422
5116.0 0.4028532
5117.0 0.40286216
5118.0 0.4028711
5119.0 0.40288007
5120.0 0.402889
5121.0 0.40290558
5122.0 0.40292218
5123.0 0.40293875
5124.0 0.40295532
5125.0 0.4029719
5126.0 0.40308025
5127.0 0.40318862
5128.0 0.403297
5129.0 0.4034054
5130.0 0.4035138
5131.0 0.4035123
5132.0 0.4035108
5133.0 0.40350932
5134.0 0.40350786
5135.0 0.40350637
5136.0 0.40350488
5137.0 0.4035034
5138.0 0.4035019
5139.0 0.4035004
5140.0 0.4034989
5141.0 0.40361306
5142.0 0.40372726
5143.0 0.40384144
5144.0 0.40395564
5145.0 0.40406984
5146.0 0.40409222
5147.0 0.4041146
5148.0 0.404137
5149.0 0.40415934
5150.0 0.40418172
5151.0 0.4042358
5152.0 0.40428993
5153.0 0.40434402
5154.0 0.4043981
5155.0 0.4044522
5156.0 0.40450633
5157.0 0.40456042
5158.0 0.4046145
5159.0 0.4046686
5160.0 0.4047227
5161.0 0.40482923
5162.0 0.40493578
5163.0 0.40504232
5164.0 0.40514886
5165.0 0.4052554
5166.0 0.40526998
5167.0 0.40528452
5168.0 0.40529907
5169.0 0.40531364
5170.0 0.40532818
5171.0 0.40532324
5172.0 0.40531832
5173.0 0.40531337
5174.0 0.40530846
5175.0 0.4053035
5176.0 0.40529856
5177.0 0.40529364
5178.0 0.4052887
5179.0 0.40528375
5180.0 0.4052788
5181.0 0.40526402
5182.0 0.40524924
5183.0 0.4052345
5184.0 0.4052197
5185.0 0.40520492
5186.0 0.40519014
5187.0 0.40517536
5188.0 0.40516058
5189.0 0.4051458
5190.0 0.405131
5191.0 0.40523973
5192.0 0.40534842
5193.0 0.40545714
5194.0 0.40556586
5195.0 0.40567458
5196.0 0.4056913
5197.0 0.40570804
5198.0 0.40572476
5199.0 0.4057415
5200.0 0.40575823
5201.0 0.405773
5202.0 0.4057878
5203.0 0.4058026
5204.0 0.4058174
5205.0 0.40583217
5206.0 0.40584695
5207.0 0.40586174
5208.0 0.40587652
5209.0 0.4058913
5210.0 0.40590608
5211.0 0.40590248
5212.0 0.40589887
5213.0 0.40589523
5214.0 0.40589163
5215.0 0.40588802
5216.0 0.40588441
5217.0 0.40588078
5218.0 0.40587717
5219.0 0.40587354
5220.0 0.40586993
5221.0 0.40586066
5222.0 0.40585142
5223.0 0.40584216
5224.0 0.4058329
5225.0 0.40582365
5226.0 0.40581438
5227.0 0.4058051
5228.0 0.40579584
5229.0 0.40578657
5230.0 0.4057773
5231.0 0.40583417
5232.0 0.405891
5233.0 0.40594786
5234.0 0.4060047
5235.0 0.40606156
5236.0 0.4061184
5237.0 0.40617526
5238.0 0.4062321
5239.0 0.40628895
5240.0 0.40634578
5241.0 0.4063588
5242.0 0.4063718
5243.0 0.40638483
5244.0 0.40639782
5245.0 0.40641084
5246.0 0.40642384
5247.0 0.40643683
5248.0 0.40644985
5249.0 0.40646285
5250.0 0.40647584
5251.0 0.40635967
5252.0 0.40624353
5253.0 0.4061274
5254.0 0.40601128
5255.0 0.40589514
5256.0 0.40587118
5257.0 0.40584722
5258.0 0.40582326
5259.0 0.4057993
5260.0 0.4057753
5261.0 0.40578544
5262.0 0.40579554
5263.0 0.40580565
5264.0 0.40581578
5265.0 0.40582588
5266.0 0.405836
5267.0 0.4058461
5268.0 0.4058562
5269.0 0.40586627
5270.0 0.40587637
5271.0 0.40589106
5272.0 0.40590575
5273.0 0.40592045
5274.0 0.40593514
5275.0 0.40594983
5276.0 0.4059645
5277.0 0.4059792
5278.0 0.40599388
5279.0 0.40600854
5280.0 0.40602323
5281.0 0.4060237
5282.0 0.40602416
5283.0 0.40602463
5284.0 0.4060251
5285.0 0.4060256
5286.0 0.40602607
5287.0 0.4060265
5288.0 0.406027
5289.0 0.40602744
5290.0 0.4060279
5291.0 0.40607905
5292.0 0.40613022
5293.0 0.40618137
5294.0 0.40623254
5295.0 0.40628368
5296.0 0.40633482
5297.0 0.406386
5298.0 0.40643713
5299.0 0.40648827
5300.0 0.4065394
5301.0 0.40654558
5302.0 0.40655172
5303.0 0.4065579
5304.0 0.40656403
5305.0 0.40657017
5306.0 0.40657634
5307.0 0.40658247
5308.0 0.4065886
5309.0 0.40659475
5310.0 0.4066009
5311.0 0.40660614
5312.0 0.4066114
5313.0 0.40661666
5314.0 0.4066219
5315.0 0.40662715
5316.0 0.40663236
5317.0 0.4066376
5318.0 0.40664285
5319.0 0.40664807
5320.0 0.4066533
5321.0 0.40662912
5322.0 0.40660492
5323.0 0.40658072
5324.0 0.40655652
5325.0 0.4065323
5326.0 0.4065081
5327.0 0.4064839
5328.0 0.4064597
5329.0 0.4064355
5330.0 0.4064113
5331.0 0.40651667
5332.0 0.40662205
5333.0 0.40672743
5334.0 0.40683284
5335.0 0.40693823
5336.0 0.40695137
5337.0 0.40696448
5338.0 0.4069776
5339.0 0.40699074
5340.0 0.40700385
5341.0 0.40705746
5342.0 0.40711105
5343.0 0.40716466
5344.0 0.40721828
5345.0 0.4072719
5346.0 0.40741786
5347.0 0.40756384
5348.0 0.40770987
5349.0 0.4078559
5350.0 0.40800196
5351.0 0.40801397
5352.0 0.40802595
5353.0 0.40803793
5354.0 0.4080499
5355.0 0.4080619
5356.0 0.4081663
5357.0 0.40827072
5358.0 0.4083751
5359.0 0.40847954
5360.0 0.40858397
5361.0 0.40857342
5362.0 0.40856287
5363.0 0.4085523
5364.0 0.40854174
5365.0 0.4085312
5366.0 0.40852064
5367.0 0.40851006
5368.0 0.4084995
5369.0 0.40848896
5370.0 0.40847838
5371.0 0.40850604
5372.0 0.40853366
5373.0 0.40795216
5374.0 0.40737057
5375.0 0.40661484
5376.0 0.4059508
5377.0 0.4052646
5378.0 0.40457788
5379.0 0.40389073
5380.0 0.4032031
5381.0 0.40243483
5382.0 0.4016664
5383.0 0.40089783
5384.0 0.40012908
5385.0 0.399382
5386.0 0.39863524
5387.0 0.39786685
5388.0 0.39709845
5389.0 0.39632988
5390.0 0.39556104
5391.0 0.39476565
5392.0 0.39396983
5393.0 0.39317352
5394.0 0.39237657
5395.0 0.39160073
5396.0 0.39082435
5397.0 0.39002544
5398.0 0.38922572
5399.0 0.38842517
5400.0 0.3876237
5401.0 0.38680106
5402.0 0.38597754
5403.0 0.3851531
5404.0 0.38432777
5405.0 0.38352337
5406.0 0.38263148
5407.0 0.38171726
5408.0 0.38080266
5409.0 0.37988776
5410.0 0.37897277
5411.0 0.37820444
5412.0 0.37743562
5413.0 0.37605652
5414.0 0.37467724
5415.0 0.37310177
5416.0 0.37152663
5417.0 0.36992946
5418.0 0.36833212
5419.0 0.36675635
5420.0 0.36518034
5421.0 0.3635607
5422.0 0.36194125
5423.0 0.36030015
5424.0 0.35865924
5425.0 0.3570403
5426.0 0.35550165
5427.0 0.35396212
5428.0 0.35242176
5429.0 0.35085878
5430.0 0.34929505
5431.0 0.34767312
5432.0 0.34605125
5433.0 0.3444295
5434.0 0.34280783
5435.0 0.3411645
5436.0 0.339521
5437.0 0.33789945
5438.0 0.3362782
5439.0 0.33465734
5440.0 0.333037
5441.0 0.33139953
5442.0 0.32976276
5443.0 0.3281485
5444.0 0.32653508
5445.0 0.3249007
5446.0 0.32326716
5447.0 0.3216562
5448.0 0.32004595
5449.0 0.31843638
5450.0 0.3168274
5451.0 0.3152148
5452.0 0.3136025
5453.0 0.31201223
5454.0 0.310422
5455.0 0.30883178
5456.0 0.3072414
5457.0 0.30562925
5458.0 0.30401713
5459.0 0.30242682
5460.0 0.3008364
5461.0 0.29923472
5462.0 0.29763293
5463.0 0.29600915
5464.0 0.29438514
5465.0 0.29278263
5466.0 0.29117975
5467.0 0.2895549
5468.0 0.28792986
5469.0 0.28632653
5470.0 0.28472304
5471.0 0.28322113
5472.0 0.2817179
5473.0 0.28019154
5474.0 0.27866387
5475.0 0.27715677
5476.0 0.2755862
5477.0 0.27401504
5478.0 0.2724433
5479.0 0.27084908
5480.0 0.26925427
5481.0 0.26762992
5482.0 0.2660056
5483.0 0.26438132
5484.0 0.26275706
5485.0 0.26111093
5486.0 0.25946483
5487.0 0.2578407
5488.0 0.2562166
5489.0 0.2545706
5490.0 0.25292465
5491.0 0.25130093
5492.0 0.24967727
5493.0 0.24805363
5494.0 0.24643001
5495.0 0.24478452
5496.0 0.24319395
5497.0 0.24162458
5498.0 0.2400545
5499.0 0.23848374
5500.0 0.23691225
5501.0 0.23529734
5502.0 0.23368199
5503.0 0.23208816
5504.0 0.23049392
5505.0 0.22889927
5506.0 0.2273042
5507.0 0.22568677
5508.0 0.22406891
5509.0 0.2224726
5510.0 0.22087587
5511.0 0.21925494
5512.0 0.21763395
5513.0 0.21599093
5514.0 0.21434785
5515.0 0.21272668
5516.0 0.21110544
5517.0 0.20946217
5518.0 0.20781885
5519.0 0.20619741
5520.0 0.20457593
5521.0 0.20297606
5522.0 0.2013758
5523.0 0.19975314
5524.0 0.19813007
5525.0 0.19652857
5526.0 0.19492665
5527.0 0.19332433
5528.0 0.19172159
5529.0 0.19009647
5530.0 0.18847091
5531.0 0.18684638
5532.0 0.18522178
5533.0 0.18359712
5534.0 0.18197243
5535.0 0.18032569
5536.0 0.17867889
5537.0 0.17705403
5538.0 0.17542914
5539.0 0.17378218
5540.0 0.17213519
5541.0 0.1705123
5542.0 0.16888933
5543.0 0.16726625
5544.0 0.1656431
5545.0 0.16399784
5546.0 0.1623891
5547.0 0.16080154
5548.0 0.15921316
5549.0 0.15762395
5550.0 0.15603392
5551.0 0.15439847
5552.0 0.15276267
5553.0 0.15114853
5554.0 0.14953406
5555.0 0.14791924
5556.0 0.14626981
5557.0 0.14459878
5558.0 0.14292817
5559.0 0.14128001
5560.0 0.13963225
5561.0 0.1379574
5562.0 0.13628308
5563.0 0.13463132
5564.0 0.13298012
5565.0 0.13132945
5566.0 0.12970856
5567.0 0.12806548
5568.0 0.12642221
5569.0 0.124800764
5570.0 0.123179115
5571.0 0.12154195
5572.0 0.119904995
5573.0 0.11824625
5574.0 0.116587736
5575.0 0.11495145
5576.0 0.11331538
5577.0 0.11167953
5578.0 0.110043906
5579.0 0.1083865
5580.0 0.10672932
5581.0 0.10509754
5582.0 0.10346588
5583.0 0.10183434
5584.0 0.10020293
5585.0 0.09854965
5586.0 0.09689649
5587.0 0.095265456
5588.0 0.09363454
5589.0 0.09198176
5590.0 0.09032911
5591.0 0.08869215
5592.0 0.08705555
5593.0 0.08541931
5594.0 0.08378343
5595.0 0.08212593
5596.0 0.080450654
5597.0 0.07879845
5598.0 0.07714734
5599.0 0.07549733
5600.0 0.07384841
5601.0 0.0722065
5602.0 0.07056442
5603.0 0.06894412
5604.0 0.06732366
5605.0 0.06570305
5606.0 0.06408227
5607.0 0.062439386
5608.0 0.060796343
5609.0 0.059175085
5610.0 0.057553668
5611.0 0.055906817
5612.0 0.054260004
5613.0 0.052635174
5614.0 0.051010374
5615.0 0.04938561
5616.0 0.0477501
5617.0 0.046093415
5618.0 0.04443751
5619.0 0.04280431
5620.0 0.04117187
5621.0 0.040337738
5622.0 0.03950365
5623.0 0.03869152
5624.0 0.037879437
5625.0 0.037045475
5626.0 0.036211558
5627.0 0.0353996
5628.0 0.034587685
5629.0 0.033753894
5630.0 0.03292015
5631.0 0.0321104
5632.0 0.03130059
5633.0 0.0304688
5634.0 0.029636947
5635.0 0.028826954
5636.0 0.028016899
5637.0 0.02718486
5638.0 0.026352761
5639.0 0.025520599
5640.0 0.024688372
5641.0 0.023874985
5642.0 0.023061741
5643.0 0.022226721
5644.0 0.021391848
5645.0 0.02057904
5646.0 0.01977085
5647.0 0.018940516
5648.0 0.018109953
5649.0 0.017301094
5650.0 0.016492011
5651.0 0.015658943
5652.0 0.014825842
5653.0 0.013992708
5654.0 0.013159542
5655.0 0.0123482775
5656.0 0.011536981
5657.0 0.010703718
5658.0 0.009870424
5659.0 0.0090590315
5660.0 0.008247608
5661.0 0.00741528
5662.0 0.0065826806
5663.0 0.0057717557
5664.0 0.0049605668
5665.0 0.0041271606
5666.0 0.003293483
5667.0 0.002481494
5668.0 0.001669241
5669.0 0.0008347562
5670.0 0.0