5370.0 0.0
5371.0 0.000826583
5372.0 0.0016532779
5373.0 0.0024800845
5374.0 0.0033070033
5375.0 0.004134034
5376.0 0.004962298
5377.0 0.00581282
5378.0 0.0066638407
5379.0 0.007493577
5380.0 0.0083238
5381.0 0.009152685
5382.0 0.009981726
5383.0 0.010810924
5384.0 0.011640278
5385.0 0.012469787
5386.0 0.01329947
5387.0 0.014129321
5388.0 0.014959337
5389.0 0.015811322
5390.0 0.016663468
5391.0 0.017492794
5392.0 0.01832215
5393.0 0.019151531
5394.0 0.019980928
5395.0 0.020810334
5396.0 0.02163975
5397.0 0.022469165
5398.0 0.023298569
5399.0 0.024127955
5400.0 0.024957312
5401.0 0.0258071
5402.0 0.026656752
5403.0 0.02748445
5404.0 0.028312001
5405.0 0.029139401
5406.0 0.029959863
5407.0 0.030779783
5408.0 0.031599168
5409.0 0.03241802
5410.0 0.033236347
5411.0 0.03406737
5412.0 0.034898527
5413.0 0.035751622
5414.0 0.036604892
5415.0 0.037436564
5416.0 0.03826846
5417.0 0.03910054
5418.0 0.0399328
5419.0 0.040765237
5420.0 0.041597854
5421.0 0.043254044
5422.0 0.04491019
5423.0 0.046588093
5424.0 0.048265956
5425.0 0.049921986
5426.0 0.051589604
5427.0 0.053257886
5428.0 0.05492684
5429.0 0.05661828
5430.0 0.05831041
5431.0 0.059967723
5432.0 0.06162497
5433.0 0.063282155
5434.0 0.06493928
5435.0 0.066618174
5436.0 0.06829696
5437.0 0.069953874
5438.0 0.071610756
5439.0 0.07326765
5440.0 0.074924596
5441.0 0.07660437
5442.0 0.07828429
5443.0 0.07994256
5444.0 0.081601046
5445.0 0.083259754
5446.0 0.08491872
5447.0 0.08657793
5448.0 0.088237375
5449.0 0.08991889
5450.0 0.09160065
5451.0 0.093266055
5452.0 0.09493187
5453.0 0.096598074
5454.0 0.09826466
5455.0 0.099953406
5456.0 0.10164246
5457.0 0.10331007
5458.0 0.104978055
5459.0 0.106646396
5460.0 0.10831509
5461.0 0.11000185
5462.0 0.111688785
5463.0 0.11335405
5464.0 0.11501944
5465.0 0.116684936
5466.0 0.11835048
5467.0 0.120038025
5468.0 0.12172573
5469.0 0.12339174
5470.0 0.1250579
5471.0 0.12676975
5472.0 0.12848295
5473.0 0.1302194
5474.0 0.1319572
5475.0 0.13367452
5476.0 0.13536261
5477.0 0.13705131
5478.0 0.13874063
5479.0 0.14045243
5480.0 0.14216484
5481.0 0.14382862
5482.0 0.14549235
5483.0 0.14715604
5484.0 0.14881971
5485.0 0.15050524
5486.0 0.15219074
5487.0 0.1538543
5488.0 0.15551782
5489.0 0.1571813
5490.0 0.15884474
5491.0 0.16053025
5492.0 0.16221572
5493.0 0.16387928
5494.0 0.16554278
5495.0 0.16720626
5496.0 0.16890782
5497.0 0.1706101
5498.0 0.1723131
5499.0 0.17403875
5500.0 0.17576513
5501.0 0.17745459
5502.0 0.17914449
5503.0 0.18083481
5504.0 0.18252556
5505.0 0.18423867
5506.0 0.18595222
5507.0 0.18764424
5508.0 0.1893367
5509.0 0.19102958
5510.0 0.19272287
5511.0 0.19441746
5512.0 0.19611213
5513.0 0.19778489
5514.0 0.1994577
5515.0 0.20113058
5516.0 0.20280354
5517.0 0.20449851
5518.0 0.20619354
5519.0 0.20786668
5520.0 0.20953988
5521.0 0.2112357
5522.0 0.21293195
5523.0 0.21465057
5524.0 0.21636964
5525.0 0.21806714
5526.0 0.21976507
5527.0 0.22146341
5528.0 0.22316217
5529.0 0.22488335
5530.0 0.22660494
5531.0 0.22827981
5532.0 0.22995475
5533.0 0.23162971
5534.0 0.23330475
5535.0 0.23500182
5536.0 0.23669894
5537.0 0.23837411
5538.0 0.24004935
5539.0 0.24172463
5540.0 0.24339995
5541.0 0.24510044
5542.0 0.24680102
5543.0 0.2484797
5544.0 0.25015846
5545.0 0.25183734
5546.0 0.25357345
5547.0 0.25531042
5548.0 0.25704825
5549.0 0.2588089
5550.0 0.26057047
5551.0 0.26227254
5552.0 0.26397493
5553.0 0.2656777
5554.0 0.26738083
5555.0 0.26910633
5556.0 0.27076882
5557.0 0.27240887
5558.0 0.27404848
5559.0 0.27568763
5560.0 0.2773264
5561.0 0.2789756
5562.0 0.28062427
5563.0 0.28225031
5564.0 0.2838758
5565.0 0.2855007
5566.0 0.2871898
5567.0 0.28890112
5568.0 0.2906126
5569.0 0.2923023
5570.0 0.2939922
5571.0 0.29564494
5572.0 0.29729748
5573.0 0.29897177
5574.0 0.30064583
5575.0 0.30229765
5576.0 0.30394927
5577.0 0.3056006
5578.0 0.30725175
5579.0 0.30892465
5580.0 0.3105973
5581.0 0.31225714
5582.0 0.3139169
5583.0 0.3155765
5584.0 0.31723598
5585.0 0.3189173
5586.0 0.3205985
5587.0 0.3222576
5588.0 0.32391658
5589.0 0.3255754
5590.0 0.32723412
5591.0 0.3288909
5592.0 0.33054727
5593.0 0.33218133
5594.0 0.33381498
5595.0 0.3354483
5596.0 0.3370052
5597.0 0.338561
5598.0 0.34011573
5599.0 0.34169126
5600.0 0.34326568
5601.0 0.34495002
5602.0 0.34663454
5603.0 0.3483192
5604.0 0.35000405
5605.0 0.351711
5606.0 0.3534181
5607.0 0.35510343
5608.0 0.35678893
5609.0 0.35847458
5610.0 0.36016038
5611.0 0.36184683
5612.0 0.36353326
5613.0 0.36519766
5614.0 0.36686206
5615.0 0.3685264
5616.0 0.37010714
5617.0 0.37170905
5618.0 0.37331015
5619.0 0.37488854
5620.0 0.37646613
5621.0 0.37812245
5622.0 0.37977868
5623.0 0.38145676
5624.0 0.38313472
5625.0 0.3847907
5626.0 0.38644657
5627.0 0.3879051
5628.0 0.38936353
5629.0 0.39018625
5630.0 0.39100894
5631.0 0.39185646
5632.0 0.39270404
5633.0 0.39355168
5634.0 0.39439937
5635.0 0.39524713
5636.0 0.39609495
5637.0 0.39696473
5638.0 0.3978346
5639.0 0.3986826
5640.0 0.39953065
5641.0 0.400328
5642.0 0.40112522
5643.0 0.40192223
5644.0 0.40271908
5645.0 0.40351576
5646.0 0.40440375
5647.0 0.40529194
5648.0 0.40618038
5649.0 0.40706906
5650.0 0.40795797
5651.0 0.40882123
5652.0 0.4096845
5653.0 0.4105259
5654.0 0.4113673
5655.0 0.41220877
5656.0 0.41305023
5657.0 0.41389173
5658.0 0.4147333
5659.0 0.41557485
5660.0 0.41641647
5661.0 0.41731793
5662.0 0.41821966
5663.0 0.41850716
5664.0 0.41879475
5665.0 0.4188629
5666.0 0.41893104
5667.0 0.4189992
5668.0 0.41906732
5669.0 0.41913548
5670.0 0.41920364
5671.0 0.41923887
5672.0 0.41927412
5673.0 0.41930935
5674.0 0.41934457
5675.0 0.4193798
5676.0 0.41941503
5677.0 0.41945022
5678.0 0.41948545
5679.0 0.41952065
5680.0 0.41955584
5681.0 0.4195239
5682.0 0.41949195
5683.0 0.41945994
5684.0 0.4194279
5685.0 0.41939586
5686.0 0.41936377
5687.0 0.41933167
5688.0 0.41929954
5689.0 0.41926736
5690.0 0.41923517
5691.0 0.41928592
5692.0 0.41933668
5693.0 0.41938743
5694.0 0.41943818
5695.0 0.41948894
5696.0 0.4195397
5697.0 0.4195904
5698.0 0.41964117
5699.0 0.41969192
5700.0 0.41974267
5701.0 0.41989627
5702.0 0.4200499
5703.0 0.42020357
5704.0 0.42035726
5705.0 0.42051098
5706.0 0.42056945
5707.0 0.42062792
5708.0 0.42068642
5709.0 0.42074493
5710.0 0.4208034
5711.0 0.4208686
5712.0 0.4209338
5713.0 0.42099905
5714.0 0.42106426
5715.0 0.42112947
5716.0 0.4211947
5717.0 0.4212599
5718.0 0.42132515
5719.0 0.42139035
5720.0 0.4214556
5721.0 0.42149448
5722.0 0.42153338
5723.0 0.42157227
5724.0 0.42161116
5725.0 0.42165005
5726.0 0.4216889
5727.0 0.4217278
5728.0 0.42176667
5729.0 0.42180553
5730.0 0.4218444
5731.0 0.42199674
5732.0 0.42214912
5733.0 0.42230153
5734.0 0.42245397
5735.0 0.42260644
5736.0 0.42266327
5737.0 0.42272013
5738.0 0.422777
5739.0 0.42283386
5740.0 0.4228907
5741.0 0.42298773
5742.0 0.42308477
5743.0 0.4231818
5744.0 0.4232788
5745.0 0.42337584
5746.0 0.42347285
5747.0 0.4235699
5748.0 0.4236669
5749.0 0.4237639
5750.0 0.4238609
5751.0 0.42400584
5752.0 0.4241508
5753.0 0.42429575
5754.0 0.42444074
5755.0 0.42458573
5756.0 0.4246348
5757.0 0.42468387
5758.0 0.42473292
5759.0 0.42478198
5760.0 0.42483103
5761.0 0.42497927
5762.0 0.4251275
5763.0 0.42527577
5764.0 0.42542407
5765.0 0.4255724
5766.0 0.42562464
5767.0 0.4256769
5768.0 0.42572916
5769.0 0.42578143
5770.0 0.42583367
5771.0 0.4259596
5772.0 0.4260855
5773.0 0.42621142
5774.0 0.42633733
5775.0 0.42646328
5776.0 0.42649305
5777.0 0.42652282
5778.0 0.4265526
5779.0 0.42658237
5780.0 0.4266121
5781.0 0.42676976
5782.0 0.42692748
5783.0 0.4270852
5784.0 0.42724293
5785.0 0.4274007
5786.0 0.42746225
5787.0 0.42752376
5788.0 0.4275853
5789.0 0.42764685
5790.0 0.4277084
5791.0 0.42785648
5792.0 0.42800456
5793.0 0.42815268
5794.0 0.42830083
5795.0 0.428449
5796.0 0.4285008
5797.0 0.42855257
5798.0 0.42860436
5799.0 0.42865616
5800.0 0.42870793
5801.0 0.42874113
5802.0 0.42877427
5803.0 0.42880744
5804.0 0.4288406
5805.0 0.42887375
5806.0 0.42900342
5807.0 0.42913306
5808.0 0.42926273
5809.0 0.4293924
5810.0 0.42952207
5811.0 0.42951334
5812.0 0.42950463
5813.0 0.4294959
5814.0 0.42948717
5815.0 0.42947844
5816.0 0.4295662
5817.0 0.42965397
5818.0 0.42974174
5819.0 0.4298295
5820.0 0.42991728
5821.0 0.4299444
5822.0 0.42997152
5823.0 0.42999864
5824.0 0.43002576
5825.0 0.43005288
5826.0 0.43017653
5827.0 0.43030018
5828.0 0.43042383
5829.0 0.43054748
5830.0 0.43067116
5831.0 0.43072087
5832.0 0.4307706
5833.0 0.43082035
5834.0 0.43087006
5835.0 0.43091977
5836.0 0.43096915
5837.0 0.43101826
5838.0 0.4310673
5839.0 0.4311163
5840.0 0.43116543
5841.0 0.43117946
5842.0 0.43119374
5843.0 0.43120837
5844.0 0.43122342
5845.0 0.43123895
5846.0 0.43135133
5847.0 0.43146405
5848.0 0.43157724
5849.0 0.43169105
5850.0 0.4318056
5851.0 0.4318433
5852.0 0.43188187
5853.0 0.43192142
5854.0 0.43196198
5855.0 0.43200356
5856.0 0.43204635
5857.0 0.43209028
5858.0 0.43213528
5859.0 0.43218124
5860.0 0.43222806
5861.0 0.4322234
5862.0 0.4322194
5863.0 0.43221575
5864.0 0.4322124
5865.0 0.43220916
5866.0 0.43220565
5867.0 0.43220222
5868.0 0.43219882
5869.0 0.43219548
5870.0 0.43219215
5871.0 0.43215734
5872.0 0.43212244
5873.0 0.4320874
5874.0 0.4320521
5875.0 0.4320165
5876.0 0.43188384
5877.0 0.43175128
5878.0 0.4316188
5879.0 0.4314864
5880.0 0.43135408
5881.0 0.43107933
5882.0 0.4308047
5883.0 0.43053016
5884.0 0.43025574
5885.0 0.42998144
5886.0 0.42980534
5887.0 0.42962986
5888.0 0.4294546
5889.0 0.42927918
5890.0 0.42910326
5891.0 0.4291037
5892.0 0.42910308
5893.0 0.42910108
5894.0 0.42909753
5895.0 0.42909214
5896.0 0.428988
5897.0 0.42888206
5898.0 0.42877424
5899.0 0.4286644
5900.0 0.4285525
5901.0 0.42868227
5902.0 0.4288099
5903.0 0.4289355
5904.0 0.4290591
5905.0 0.42918086
5906.0 0.42930076
5907.0 0.4294188
5908.0 0.4295352
5909.0 0.42965016
5910.0 0.429764
5911.0 0.42964432
5912.0 0.42952418
5913.0 0.4294039
5914.0 0.4292839
5915.0 0.42916453
5916.0 0.42894962
5917.0 0.42873493
5918.0 0.42852038
5919.0 0.42830598
5920.0 0.42809173
5921.0 0.42802504
5922.0 0.42795846
5923.0 0.42789203
5924.0 0.42782575
5925.0 0.42775962
5926.0 0.42798325
5927.0 0.42820656
5928.0 0.42842957
5929.0 0.42865238
5930.0 0.428875
5931.0 0.42891055
5932.0 0.42894608
5933.0 0.42898163
5934.0 0.42901722
5935.0 0.42905283
5936.0 0.4287983
5937.0 0.42854366
5938.0 0.42828926
5939.0 0.42803532
5940.0 0.42778215
5941.0 0.4273679
5942.0 0.4269548
5943.0 0.42654306
5944.0 0.42613283
5945.0 0.42572424
5946.0 0.42589557
5947.0 0.42606825
5948.0 0.42624235
5949.0 0.426418
5950.0 0.42659524
5951.0 0.42683902
5952.0 0.42708433
5953.0 0.42733115
5954.0 0.42757937
5955.0 0.4278289
5956.0 0.42788702
5957.0 0.42794675
5958.0 0.4280079
5959.0 0.42807037
5960.0 0.4281339
5961.0 0.4280956
5962.0 0.428058
5963.0 0.42802083
5964.0 0.42798382
5965.0 0.42794666
5966.0 0.4278126
5967.0 0.42767864
5968.0 0.42754474
5969.0 0.42741093
5970.0 0.42727712
5971.0 0.4272475
5972.0 0.4272178
5973.0 0.427188
5974.0 0.42715797
5975.0 0.4271277
5976.0 0.4271934
5977.0 0.42725924
5978.0 0.42732522
5979.0 0.4273913
5980.0 0.42745748
5981.0 0.4274592
5982.0 0.4274611
5983.0 0.42746308
5984.0 0.42746523
5985.0 0.42746753
5986.0 0.42747104
5987.0 0.42747518
5988.0 0.4274796
5989.0 0.42748386
5990.0 0.42748767
5991.0 0.4275496
5992.0 0.42761043
5993.0 0.4276699
5994.0 0.4277278
5995.0 0.42778385
5996.0 0.42774197
5997.0 0.4276983
5998.0 0.42765272
5999.0 0.42760515
6000.0 0.42755553
6001.0 0.42759416
6002.0 0.42763072
6003.0 0.4276653
6004.0 0.4276979
6005.0 0.4277287
6006.0 0.4276617
6007.0 0.4275929
6008.0 0.4275225
6009.0 0.4274508
6010.0 0.427378
6011.0 0.42736927
6012.0 0.42736006
6013.0 0.4273507
6014.0 0.4273416
6015.0 0.42733312
6016.0 0.42732587
6017.0 0.42731878
6018.0 0.42731184
6019.0 0.42730504
6020.0 0.42729834
6021.0 0.42731923
6022.0 0.4273402
6023.0 0.42736128
6024.0 0.42738247
6025.0 0.4274038
6026.0 0.42732912
6027.0 0.42725417
6028.0 0.427179
6029.0 0.42710373
6030.0 0.4270284
6031.0 0.42701504
6032.0 0.42700168
6033.0 0.42698836
6034.0 0.42697513
6035.0 0.42696193
6036.0 0.4270442
6037.0 0.4271266
6038.0 0.42720923
6039.0 0.4272923
6040.0 0.4273759
6041.0 0.42733857
6042.0 0.42730206
6043.0 0.42726654
6044.0 0.42723206
6045.0 0.42719868
6046.0 0.42726222
6047.0 0.42732674
6048.0 0.42739224
6049.0 0.4274587
6050.0 0.42752603
6051.0 0.4275175
6052.0 0.4275097
6053.0 0.4275025
6054.0 0.42749578
6055.0 0.42748937
6056.0 0.42757875
6057.0 0.4276686
6058.0 0.42775887
6059.0 0.42784947
6060.0 0.42794034
6061.0 0.42794576
6062.0 0.42795125
6063.0 0.42795676
6064.0 0.42796215
6065.0 0.4279673
6066.0 0.42806774
6067.0 0.4281682
6068.0 0.42826864
6069.0 0.4283691
6070.0 0.42846954
6071.0 0.4284602
6072.0 0.42845088
6073.0 0.42844152
6074.0 0.4284322
6075.0 0.42842287
6076.0 0.42850915
6077.0 0.42859545
6078.0 0.42868173
6079.0 0.42876798
6080.0 0.42885426
6081.0 0.42889005
6082.0 0.42892584
6083.0 0.42896163
6084.0 0.4289974
6085.0 0.4290332
6086.0 0.42916462
6087.0 0.42929608
6088.0 0.42942753
6089.0 0.429559
6090.0 0.42969048
6091.0 0.42974225
6092.0 0.429794
6093.0 0.42984578
6094.0 0.42989755
6095.0 0.4299493
6096.0 0.43009686
6097.0 0.43024442
6098.0 0.430392
6099.0 0.4305396
6100.0 0.43068722
6101.0 0.43083844
6102.0 0.43098965
6103.0 0.43114093
6104.0 0.4312922
6105.0 0.4314435
6106.0 0.43149897
6107.0 0.4315544
6108.0 0.43160987
6109.0 0.4316653
6110.0 0.43172073
6111.0 0.43184754
6112.0 0.43197435
6113.0 0.43210116
6114.0 0.432228
6115.0 0.4323548
6116.0 0.43238568
6117.0 0.43241653
6118.0 0.4324474
6119.0 0.43247825
6120.0 0.43250906
6121.0 0.43270886
6122.0 0.4329087
6123.0 0.4331086
6124.0 0.4333085
6125.0 0.4335085
6126.0 0.43361238
6127.0 0.43371624
6128.0 0.43382013
6129.0 0.433924
6130.0 0.43402788
6131.0 0.43416232
6132.0 0.43429676
6133.0 0.4344312
6134.0 0.43456566
6135.0 0.43470013
6136.0 0.43483463
6137.0 0.43496916
6138.0 0.43510365
6139.0 0.4352382
6140.0 0.43537274
6141.0 0.4354542
6142.0 0.43553564
6143.0 0.43561706
6144.0 0.43569848
6145.0 0.4357799
6146.0 0.43595773
6147.0 0.4361356
6148.0 0.43631348
6149.0 0.43649137
6150.0 0.43666932
6151.0 0.43671656
6152.0 0.43676382
6153.0 0.43681106
6154.0 0.4368583
6155.0 0.43690556
6156.0 0.43704936
6157.0 0.43719319
6158.0 0.437337
6159.0 0.43748087
6160.0 0.43762475
6161.0 0.43773684
6162.0 0.4378489
6163.0 0.43796098
6164.0 0.43807307
6165.0 0.43818516
6166.0 0.43839398
6167.0 0.43860286
6168.0 0.43881184
6169.0 0.4390208
6170.0 0.43922988
6171.0 0.43926823
6172.0 0.4393066
6173.0 0.43934494
6174.0 0.4393833
6175.0 0.43942165
6176.0 0.4395569
6177.0 0.43969217
6178.0 0.43982744
6179.0 0.43996271
6180.0 0.44009802
6181.0 0.44017667
6182.0 0.44025528
6183.0 0.4403339
6184.0 0.4404125
6185.0 0.44049108
6186.0 0.44056967
6187.0 0.44064823
6188.0 0.44072682
6189.0 0.44080535
6190.0 0.4408839
6191.0 0.4410298
6192.0 0.44117567
6193.0 0.4413216
6194.0 0.44146755
6195.0 0.44161353
6196.0 0.4416623
6197.0 0.44171113
6198.0 0.4417599
6199.0 0.44180873
6200.0 0.44185752
6201.0 0.44198215
6202.0 0.44210678
6203.0 0.44223142
6204.0 0.44235605
6205.0 0.44248068
6206.0 0.4425081
6207.0 0.4425355
6208.0 0.44256288
6209.0 0.44259027
6210.0 0.44261765
6211.0 0.44267374
6212.0 0.44272986
6213.0 0.44278598
6214.0 0.4428421
6215.0 0.4428982
6216.0 0.44305167
6217.0 0.44320515
6218.0 0.44335866
6219.0 0.4435122
6220.0 0.44366577
6221.0 0.44371134
6222.0 0.44375688
6223.0 0.44380242
6224.0 0.44384798
6225.0 0.44389352
6226.0 0.4440365
6227.0 0.44417953
6228.0 0.4443226
6229.0 0.44446564
6230.0 0.44460872
6231.0 0.4446332
6232.0 0.44465765
6233.0 0.44468212
6234.0 0.4447066
6235.0 0.44473103
6236.0 0.4447551
6237.0 0.44477895
6238.0 0.44480267
6239.0 0.4448264
6240.0 0.4448502
6241.0 0.4449403
6242.0 0.44503066
6243.0 0.44512138
6244.0 0.4452125
6245.0 0.44530416
6246.0 0.4452984
6247.0 0.445293
6248.0 0.4452881
6249.0 0.4452838
6250.0 0.44528025
6251.0 0.44533372
6252.0 0.44538814
6253.0 0.4454435
6254.0 0.44549996
6255.0 0.44555745
6256.0 0.44571382
6257.0 0.4458714
6258.0 0.4460301
6259.0 0.44618982
6260.0 0.44635046
6261.0 0.44635117
6262.0 0.44635245
6263.0 0.4463542
6264.0 0.44635624
6265.0 0.44635838
6266.0 0.44626257
6267.0 0.4461668
6268.0 0.44607112
6269.0 0.44597548
6270.0 0.44587985
6271.0 0.44499063
6272.0 0.44410133
6273.0 0.44321197
6274.0 0.44232243
6275.0 0.44143265
6276.0 0.44005445
6277.0 0.43867648
6278.0 0.4372987
6279.0 0.4359211
6280.0 0.43454373
6281.0 0.43503916
6282.0 0.43553472
6283.0 0.43603045
6284.0 0.43652633
6285.0 0.43702236
6286.0 0.4378127
6287.0 0.43860367
6288.0 0.43939495
6289.0 0.4401861
6290.0 0.44097686
6291.0 0.44094202
6292.0 0.44090605
6293.0 0.4408687
6294.0 0.44082972
6295.0 0.4407889
6296.0 0.44084382
6297.0 0.4408969
6298.0 0.44094798
6299.0 0.44099697
6300.0 0.44104385
6301.0 0.44141573
6302.0 0.44178545
6303.0 0.4421531
6304.0 0.4425187
6305.0 0.44288245
6306.0 0.44314674
6307.0 0.44340912
6308.0 0.4436698
6309.0 0.44392908
6310.0 0.44418716
6311.0 0.4443566
6312.0 0.44452554
6313.0 0.4446943
6314.0 0.4448633
6315.0 0.44503292
6316.0 0.44520384
6317.0 0.44537488
6318.0 0.44554603
6319.0 0.4457173
6320.0 0.4458887
6321.0 0.44605896
6322.0 0.44622934
6323.0 0.4463998
6324.0 0.4465704
6325.0 0.44674116
6326.0 0.44681427
6327.0 0.44688708
6328.0 0.4469597
6329.0 0.44703215
6330.0 0.4471045
6331.0 0.44712272
6332.0 0.4471409
6333.0 0.4471591
6334.0 0.44717738
6335.0 0.44719568
6336.0 0.44721365
6337.0 0.4472317
6338.0 0.44725004
6339.0 0.44726875
6340.0 0.4472881
6341.0 0.44726276
6342.0 0.44723833
6343.0 0.44721487
6344.0 0.44719255
6345.0 0.4471714
6346.0 0.4472487
6347.0 0.44732708
6348.0 0.44740647
6349.0 0.44748688
6350.0 0.44756818
6351.0 0.44756037
6352.0 0.4475533
6353.0 0.44754687
6354.0 0.44754094
6355.0 0.44753537
6356.0 0.44762713
6357.0 0.44771937
6358.0 0.44781202
6359.0 0.44790506
6360.0 0.44799837
6361.0 0.44793278
6362.0 0.44786727
6363.0 0.4478018
6364.0 0.44773617
6365.0 0.44767034
6366.0 0.44770122
6367.0 0.4477321
6368.0 0.4477629
6369.0 0.44779372
6370.0 0.4478245
6371.0 0.4478094
6372.0 0.44779432
6373.0 0.4477792
6374.0 0.4477641
6375.0 0.447749
6376.0 0.44783092
6377.0 0.4479128
6378.0 0.4479947
6379.0 0.4480766
6380.0 0.44815847
6381.0 0.44814727
6382.0 0.44813606
6383.0 0.44812486
6384.0 0.44811365
6385.0 0.44810244
6386.0 0.44818822
6387.0 0.448274
6388.0 0.44835976
6389.0 0.4484455
6390.0 0.44853127
6391.0 0.44851235
6392.0 0.44849345
6393.0 0.44847456
6394.0 0.44845563
6395.0 0.44843674
6396.0 0.44841784
6397.0 0.44839892
6398.0 0.44838002
6399.0 0.4483611
6400.0 0.4483422
6401.0 0.44842723
6402.0 0.44851226
6403.0 0.44859725
6404.0 0.44868228
6405.0 0.44876727
6406.0 0.44875535
6407.0 0.44874343
6408.0 0.44873148
6409.0 0.44871956
6410.0 0.44870764
6411.0 0.4487949
6412.0 0.44888216
6413.0 0.44896942
6414.0 0.44905666
6415.0 0.44914392
6416.0 0.44913426
6417.0 0.4491246
6418.0 0.44911492
6419.0 0.44910526
6420.0 0.4490956
6421.0 0.44908154
6422.0 0.44906747
6423.0 0.44905344
6424.0 0.44903937
6425.0 0.4490253
6426.0 0.44910812
6427.0 0.4491909
6428.0 0.44927374
6429.0 0.44935653
6430.0 0.4494393
6431.0 0.4494302
6432.0 0.4494211
6433.0 0.44941202
6434.0 0.4494029
6435.0 0.4493938
6436.0 0.44938472
6437.0 0.4493756
6438.0 0.4493665
6439.0 0.4493574
6440.0 0.4493483
6441.0 0.44949135
6442.0 0.44963443
6443.0 0.4497775
6444.0 0.44992062
6445.0 0.45006374
6446.0 0.45011
6447.0 0.4501562
6448.0 0.45020244
6449.0 0.4502487
6450.0 0.4502949
6451.0 0.45028692
6452.0 0.45027894
6453.0 0.45027092
6454.0 0.45026293
6455.0 0.45025495
6456.0 0.45015
6457.0 0.45004508
6458.0 0.44994017
6459.0 0.44983524
6460.0 0.44973034
6461.0 0.44960755
6462.0 0.4494848
6463.0 0.44936204
6464.0 0.4492393
6465.0 0.4491166
6466.0 0.44889697
6467.0 0.4486774
6468.0 0.44845784
6469.0 0.4482383
6470.0 0.4480188
6471.0 0.4479742
6472.0 0.4479296
6473.0 0.44788495
6474.0 0.4478403
6475.0 0.4477956
6476.0 0.4477509
6477.0 0.4477062
6478.0 0.44766143
6479.0 0.44761664
6480.0 0.44757184
6481.0 0.4477483
6482.0 0.44792476
6483.0 0.4481012
6484.0 0.44827762
6485.0 0.44845402
6486.0 0.448534
6487.0 0.44861433
6488.0 0.44869483
6489.0 0.44877532
6490.0 0.44885567
6491.0 0.4488985
6492.0 0.4489409
6493.0 0.44898278
6494.0 0.449024
6495.0 0.44906446
6496.0 0.44939512
6497.0 0.44972494
6498.0 0.4500539
6499.0 0.45038193
6500.0 0.45070904
6501.0 0.4508346
6502.0 0.45095912
6503.0 0.45108262
6504.0 0.45120516
6505.0 0.45132676
6506.0 0.45115685
6507.0 0.45098636
6508.0 0.45081532
6509.0 0.45064378
6510.0 0.4504718
6511.0 0.45018554
6512.0 0.449899
6513.0 0.44961226
6514.0 0.44932547
6515.0 0.44903877
6516.0 0.4489461
6517.0 0.44885314
6518.0 0.44875982
6519.0 0.44866621
6520.0 0.44857228
6521.0 0.44889015
6522.0 0.44920757
6523.0 0.44952455
6524.0 0.4498411
6525.0 0.45015725
6526.0 0.45027927
6527.0 0.45040086
6528.0 0.4505221
6529.0 0.4506431
6530.0 0.45076397
6531.0 0.4507239
6532.0 0.4506839
6533.0 0.4506441
6534.0 0.45060456
6535.0 0.45056537
6536.0 0.45062277
6537.0 0.45068005
6538.0 0.45073745
6539.0 0.45079517
6540.0 0.45085332
6541.0 0.45070383
6542.0 0.45055512
6543.0 0.4504073
6544.0 0.45026046
6545.0 0.45011467
6546.0 0.4500666
6547.0 0.45001963
6548.0 0.4499738
6549.0 0.44992912
6550.0 0.44988555
6551.0 0.44988742
6552.0 0.44989032
6553.0 0.44989416
6554.0 0.44989887
6555.0 0.4499043
6556.0 0.4500069
6557.0 0.45011026
6558.0 0.45021424
6559.0 0.45031875
6560.0 0.4504237
6561.0 0.45052364
6562.0 0.45062375
6563.0 0.45072386
6564.0 0.45082378
6565.0 0.45092332
6566.0 0.45102233
6567.0 0.4511213
6568.0 0.45122027
6569.0 0.45131925
6570.0 0.45141822
6571.0 0.45136654
6572.0 0.4513149
6573.0 0.45126322
6574.0 0.45121157
6575.0 0.4511599
6576.0 0.45120475
6577.0 0.45124954
6578.0 0.45129433
6579.0 0.45133913
6580.0 0.45138386
6581.0 0.45153183
6582.0 0.45167983
6583.0 0.45182782
6584.0 0.45197585
6585.0 0.4521239
6586.0 0.45227197
6587.0 0.45242006
6588.0 0.45256817
6589.0 0.45271632
6590.0 0.45286447
6591.0 0.45286623
6592.0 0.45286795
6593.0 0.45286968
6594.0 0.45287144
6595.0 0.45287317
6596.0 0.45297146
6597.0 0.45306978
6598.0 0.45316806
6599.0 0.45326635
6600.0 0.45336467
6601.0 0.4533473
6602.0 0.45332992
6603.0 0.45331255
6604.0 0.45329514
6605.0 0.45327774
6606.0 0.45335686
6607.0 0.453436
6608.0 0.45351508
6609.0 0.45359415
6610.0 0.4536732
6611.0 0.45363128
6612.0 0.45358935
6613.0 0.4535474
6614.0 0.45350546
6615.0 0.45346352
6616.0 0.45351806
6617.0 0.45357257
6618.0 0.45362708
6619.0 0.45368156
6620.0 0.45373604
6621.0 0.45372707
6622.0 0.45371807
6623.0 0.45370907
6624.0 0.45370007
6625.0 0.45369104
6626.0 0.453682
6627.0 0.45367298
6628.0 0.45366395
6629.0 0.4536549
6630.0 0.4536458
6631.0 0.4536917
6632.0 0.4537376
6633.0 0.45378345
6634.0 0.4538293
6635.0 0.4538751
6636.0 0.4538251
6637.0 0.45377547
6638.0 0.45372602
6639.0 0.45367655
6640.0 0.45362693
6641.0 0.45358908
6642.0 0.4535508
6643.0 0.45351192
6644.0 0.45347244
6645.0 0.4534322
6646.0 0.4534874
6647.0 0.4535417
6648.0 0.45359504
6649.0 0.4536474
6650.0 0.45369878
6651.0 0.4536874
6652.0 0.45367503
6653.0 0.45366168
6654.0 0.4536474
6655.0 0.45363224
6656.0 0.4536162
6657.0 0.45359945
6658.0 0.45358202
6659.0 0.45356402
6660.0 0.4535456
6661.0 0.45357427
6662.0 0.45360273
6663.0 0.4536312
6664.0 0.45365983
6665.0 0.45368877
6666.0 0.45362255
6667.0 0.45355654
6668.0 0.45349067
6669.0 0.4534248
6670.0 0.45335886
6671.0 0.45329672
6672.0 0.4532343
6673.0 0.4531715
6674.0 0.45310825
6675.0 0.4530445
6676.0 0.45307586
6677.0 0.4531063
6678.0 0.45313603
6679.0 0.45316508
6680.0 0.45319358
6681.0 0.4531697
6682.0 0.4531455
6683.0 0.453121
6684.0 0.45309633
6685.0 0.45307153
6686.0 0.4530462
6687.0 0.4530206
6688.0 0.45299503
6689.0 0.4529697
6690.0 0.45294493
6691.0 0.45303023
6692.0 0.45311654
6693.0 0.453204
6694.0 0.45329288
6695.0 0.45338333
6696.0 0.45337963
6697.0 0.45337734
6698.0 0.4533764
6699.0 0.4533768
6700.0 0.4533785
6701.0 0.45330235
6702.0 0.45322734
6703.0 0.45315328
6704.0 0.45308003
6705.0 0.45300746
6706.0 0.45303106
6707.0 0.4530554
6708.0 0.45308042
6709.0 0.4531059
6710.0 0.45313182
6711.0 0.453058
6712.0 0.45298436
6713.0 0.45291072
6714.0 0.4528369
6715.0 0.45276275
6716.0 0.452688
6717.0 0.4526133
6718.0 0.45253858
6719.0 0.45246387
6720.0 0.45238915
6721.0 0.45240548
6722.0 0.45242178
6723.0 0.45243803
6724.0 0.4524543
6725.0 0.4524705
6726.0 0.45239127
6727.0 0.45231202
6728.0 0.4522328
6729.0 0.4521536
6730.0 0.45207438
6731.0 0.45202366
6732.0 0.45197293
6733.0 0.45192224
6734.0 0.4518715
6735.0 0.4518208
6736.0 0.4517701
6737.0 0.45171937
6738.0 0.45166868
6739.0 0.45161796
6740.0 0.45156726
6741.0 0.45158526
6742.0 0.45160323
6743.0 0.45162117
6744.0 0.4516391
6745.0 0.45165697
6746.0 0.45157966
6747.0 0.45150235
6748.0 0.45142505
6749.0 0.45134774
6750.0 0.45127046
6751.0 0.45120415
6752.0 0.45113784
6753.0 0.45107153
6754.0 0.45100525
6755.0 0.45093897
6756.0 0.4508727
6757.0 0.4508064
6758.0 0.45074013
6759.0 0.45067385
6760.0 0.4506076
6761.0 0.4506192
6762.0 0.45063078
6763.0 0.45064232
6764.0 0.45065385
6765.0 0.45066532
6766.0 0.45058194
6767.0 0.45026246
6768.0 0.44994304
6769.0 0.44896287
6770.0 0.44798306
6771.0 0.44706306
6772.0 0.44614315
6773.0 0.44522333
6774.0 0.4443036
6775.0 0.44338396
6776.0 0.44255757
6777.0 0.44173092
6778.0 0.44090393
6779.0 0.44007665
6780.0 0.4392491
6781.0 0.43830842
6782.0 0.43736786
6783.0 0.43645096
6784.0 0.43553412
6785.0 0.4346174
6786.0 0.43370074
6787.0 0.43278417
6788.0 0.4318677
6789.0 0.43095127
6790.0 0.43003494
6791.0 0.42906174
6792.0 0.4280889
6793.0 0.4270928
6794.0 0.426097
6795.0 0.42512515
6796.0 0.4241536
6797.0 0.4231824
6798.0 0.4222115
6799.0 0.42124096
6800.0 0.4202707
6801.0 0.4194105
6802.0 0.4185501
6803.0 0.4170062
6804.0 0.41546202
6805.0 0.41370544
6806.0 0.41186202
6807.0 0.4099955
6808.0 0.40812945
6809.0 0.4062874
6810.0 0.40444583
6811.0 0.4025761
6812.0 0.40070707
6813.0 0.39881524
6814.0 0.39692414
6815.0 0.39505726
6816.0 0.39319113
6817.0 0.3913257
6818.0 0.389461
6819.0 0.3875735
6820.0 0.38568676
6821.0 0.38385266
6822.0 0.38201898
6823.0 0.38018578
6824.0 0.37835303
6825.0 0.3764972
6826.0 0.37472057
6827.0 0.37296706
6828.0 0.37121326
6829.0 0.36945912
6830.0 0.3677047
6831.0 0.3658466
6832.0 0.36398906
6833.0 0.36215544
6834.0 0.36032233
6835.0 0.35848966
6836.0 0.35665792
6837.0 0.35482696
6838.0 0.3529966
6839.0 0.35114318
6840.0 0.34929016
6841.0 0.3474303
6842.0 0.3455709
6843.0 0.34371185
6844.0 0.3418531
6845.0 0.33997118
6846.0 0.3380895
6847.0 0.33623138
6848.0 0.3343734
6849.0 0.33251554
6850.0 0.3306578
6851.0 0.3288126
6852.0 0.32696712
6853.0 0.32514483
6854.0 0.32332236
6855.0 0.3214997
6856.0 0.31934157
6857.0 0.31716385
6858.0 0.31499007
6859.0 0.31284356
6860.0 0.3107011
6861.0 0.30590707
6862.0 0.30114815
6863.0 0.2964018
6864.0 0.29169118
6865.0 0.2870385
6866.0 0.27811933
6867.0 0.2692868
6868.0 0.26054084
6869.0 0.25186154
6870.0 0.24326982
6871.0 0.23846455
6872.0 0.23370038
6873.0 0.22897728
6874.0 0.2242952
6875.0 0.21963616
6876.0 0.22191636
6877.0 0.22416778
6878.0 0.22637242
6879.0 0.22853029
6880.0 0.23064138
6881.0 0.23205966
6882.0 0.23343909
6883.0 0.23479994
6884.0 0.23612246
6885.0 0.23740666
6886.0 0.23503286
6887.0 0.23266946
6888.0 0.23031662
6889.0 0.22795403
6890.0 0.2256024
6891.0 0.2240286
6892.0 0.22245538
6893.0 0.22088288
6894.0 0.21931115
6895.0 0.2177199
6896.0 0.21711552
6897.0 0.21651807
6898.0 0.2159072
6899.0 0.21528293
6900.0 0.21464527
6901.0 0.21381159
6902.0 0.21296671
6903.0 0.21213168
6904.0 0.21128556
6905.0 0.21042831
6906.0 0.20965612
6907.0 0.20884982
6908.0 0.20803058
6909.0 0.20721988
6910.0 0.20639628
6911.0 0.20533942
6912.0 0.20427312
6913.0 0.2031755
6914.0 0.20206814
6915.0 0.20097288
6916.0 0.19982345
6917.0 0.19866528
6918.0 0.19749835
6919.0 0.19630052
6920.0 0.19509383
6921.0 0.19383793
6922.0 0.1925743
6923.0 0.19130294
6924.0 0.19002387
6925.0 0.1887146
6926.0 0.18731639
6927.0 0.18593447
6928.0 0.18454635
6929.0 0.18315205
6930.0 0.18175153
6931.0 0.18011671
6932.0 0.17847973
6933.0 0.17686328
6934.0 0.1752447
6935.0 0.17362398
6936.0 0.17189069
6937.0 0.17015749
6938.0 0.16842438
6939.0 0.16666861
6940.0 0.16491292
6941.0 0.16322236
6942.0 0.16153099
6943.0 0.15983881
6944.0 0.15814583
6945.0 0.15642925
6946.0 0.15481111
6947.0 0.15321273
6948.0 0.15161131
6949.0 0.15000686
6950.0 0.1483994
6951.0 0.14669341
6952.0 0.14498608
6953.0 0.14330031
6954.0 0.14161325
6955.0 0.13992485
6956.0 0.13817641
6957.0 0.13640523
6958.0 0.13463421
6959.0 0.13288629
6960.0 0.13113855
6961.0 0.12954628
6962.0 0.12794997
6963.0 0.12632664
6964.0 0.12469919
6965.0 0.1230907
6966.0 0.12150379
6967.0 0.119912095
6968.0 0.118315615
6969.0 0.11669119
6970.0 0.11506192
6971.0 0.11331843
6972.0 0.11157433
6973.0 0.10982961
6974.0 0.10808429
6975.0 0.10631514
6976.0 0.10450159
6977.0 0.10271213
6978.0 0.100923546
6979.0 0.09913582
6980.0 0.09734898
6981.0 0.0955036
6982.0 0.09366045
6983.0 0.09184269
6984.0 0.09002712
6985.0 0.088213764
6986.0 0.08636624
6987.0 0.084522404
6988.0 0.08268225
6989.0 0.08082276
6990.0 0.07896699
6991.0 0.07721422
6992.0 0.07546168
6993.0 0.07370937
6994.0 0.07195729
6995.0 0.07018246
6996.0 0.06843678
6997.0 0.06671284
6998.0 0.06498765
6999.0 0.06326121
7000.0 0.061533526
7001.0 0.059764892
7002.0 0.057995982
7003.0 0.056249835
7004.0 0.05450342
7005.0 0.05275673
7006.0 0.05100977
7007.0 0.049239505
7008.0 0.047468964
7009.0 0.045721192
7010.0 0.043973155
7011.0 0.04309464
7012.0 0.042216238
7013.0 0.04133795
7014.0 0.040459767
7015.0 0.039581697
7016.0 0.038711905
7017.0 0.037818808
7018.0 0.036925446
7019.0 0.036054872
7020.0 0.035184037
7021.0 0.034307163
7022.0 0.033430327
7023.0 0.032553528
7024.0 0.031676766
7025.0 0.03080004
7026.0 0.029935967
7027.0 0.02907119
7028.0 0.028205711
7029.0 0.027316442
7030.0 0.026426451
7031.0 0.025572479
7032.0 0.024716875
7033.0 0.023859635
7034.0 0.02300076
7035.0 0.02214025
7036.0 0.021260295
7037.0 0.02038018
7038.0 0.019499904
7039.0 0.018619465
7040.0 0.017738864
7041.0 0.016832164
7042.0 0.01592559
7043.0 0.015042356
7044.0 0.014159247
7045.0 0.013276262
7046.0 0.012393401
7047.0 0.011510664
7048.0 0.010628051
7049.0 0.009745562
7050.0 0.008863198
7051.0 0.007982145
7052.0 0.007100954
7053.0 0.0061964174
7054.0 0.005291738
7055.0 0.004410128
7056.0 0.0035291184
7057.0 0.0026476006
7058.0 0.0017655751
7059.0 0.0008830416
7060.0 0.0