6760.0 0.0
6761.0 0.0008974596
6762.0 0.0017949654
6763.0 0.002692517
6764.0 0.0035901144
6765.0 0.004464138
6766.0 0.005337082
6767.0 0.006233313
6768.0 0.007129213
6769.0 0.008024781
6770.0 0.008920017
6771.0 0.009816227
6772.0 0.010712343
6773.0 0.011584772
6774.0 0.01245711
6775.0 0.013352949
6776.0 0.014251694
6777.0 0.015150723
6778.0 0.016050035
6779.0 0.016949631
6780.0 0.017849512
6781.0 0.018722251
6782.0 0.01959491
6783.0 0.020491097
6784.0 0.021387205
6785.0 0.02228323
6786.0 0.023179173
6787.0 0.024075035
6788.0 0.024970816
6789.0 0.025842916
6790.0 0.026714934
6791.0 0.027606811
6792.0 0.028498368
6793.0 0.029389607
6794.0 0.030280527
6795.0 0.031171128
6796.0 0.03206141
6797.0 0.032927804
6798.0 0.03379389
6799.0 0.034683224
6800.0 0.035572242
6801.0 0.036470477
6802.0 0.03736886
6803.0 0.038267393
6804.0 0.039166074
6805.0 0.04004133
6806.0 0.04090814
6807.0 0.04179829
6808.0 0.04268821
6809.0 0.043577906
6810.0 0.04446737
6811.0 0.046248212
6812.0 0.048028346
6813.0 0.049784232
6814.0 0.051539417
6815.0 0.05331744
6816.0 0.05509475
6817.0 0.056847833
6818.0 0.05860022
6819.0 0.06037542
6820.0 0.062149912
6821.0 0.06390493
6822.0 0.065659516
6823.0 0.06743716
6824.0 0.06921436
6825.0 0.07096762
6826.0 0.07273573
6827.0 0.07452763
6828.0 0.07631983
6829.0 0.078088835
6830.0 0.07985814
6831.0 0.08163345
6832.0 0.08340828
6833.0 0.08515915
6834.0 0.086909555
6835.0 0.08868298
6836.0 0.09045604
6837.0 0.092205234
6838.0 0.093954
6839.0 0.09572578
6840.0 0.09749707
6841.0 0.09923563
6842.0 0.10097332
6843.0 0.10273358
6844.0 0.1044929
6845.0 0.106227815
6846.0 0.107961744
6847.0 0.1097181
6848.0 0.11147342
6849.0 0.113204256
6850.0 0.114934035
6851.0 0.11669885
6852.0 0.11846296
6853.0 0.12020293
6854.0 0.12194219
6855.0 0.12370414
6856.0 0.12533373
6857.0 0.12693557
6858.0 0.12853311
6859.0 0.13014963
6860.0 0.13176183
6861.0 0.13222189
6862.0 0.1326475
6863.0 0.13301614
6864.0 0.13335092
6865.0 0.13367401
6866.0 0.13192232
6867.0 0.13006498
6868.0 0.12812412
6869.0 0.12611963
6870.0 0.12403051
6871.0 0.12374779
6872.0 0.123425364
6873.0 0.123081766
6874.0 0.12269794
6875.0 0.122255914
6876.0 0.12568067
6877.0 0.12916882
6878.0 0.13270238
6879.0 0.13626209
6880.0 0.13986655
6881.0 0.1431492
6882.0 0.14646924
6883.0 0.14980641
6884.0 0.15318045
6885.0 0.15661208
6886.0 0.15765306
6887.0 0.15866262
6888.0 0.15966156
6889.0 0.16067046
6890.0 0.1616688
6891.0 0.16318007
6892.0 0.16469118
6893.0 0.16622262
6894.0 0.16775407
6895.0 0.16926524
6896.0 0.17155564
6897.0 0.17388053
6898.0 0.1762196
6899.0 0.17855209
6900.0 0.18089864
6901.0 0.18314165
6902.0 0.18539645
6903.0 0.187642
6904.0 0.18989918
6905.0 0.1921892
6906.0 0.19458029
6907.0 0.19696319
6908.0 0.19935906
6909.0 0.20178941
6910.0 0.2042328
6911.0 0.20646764
6912.0 0.20871195
6913.0 0.21094379
6914.0 0.21318473
6915.0 0.21545662
6916.0 0.2176892
6917.0 0.2199083
6918.0 0.22213589
6919.0 0.22439413
6920.0 0.22666097
6921.0 0.22884016
6922.0 0.23102663
6923.0 0.23324278
6924.0 0.23546632
6925.0 0.23767473
6926.0 0.2397866
6927.0 0.24192688
6928.0 0.24407306
6929.0 0.24620253
6930.0 0.24833784
6931.0 0.2502163
6932.0 0.25209692
6933.0 0.25395694
6934.0 0.25581908
6935.0 0.25770605
6936.0 0.25942847
6937.0 0.26112807
6938.0 0.26282758
6939.0 0.26454973
6940.0 0.2662718
6941.0 0.2680405
6942.0 0.26981002
6943.0 0.27160308
6944.0 0.27339694
6945.0 0.27516884
6946.0 0.2771192
6947.0 0.27909538
6948.0 0.28107458
6949.0 0.28303397
6950.0 0.28499636
6951.0 0.2868427
6952.0 0.2886903
6953.0 0.29051632
6954.0 0.29234362
6955.0 0.2941951
6956.0 0.29592207
6957.0 0.297626
6958.0 0.29932973
6959.0 0.30105618
6960.0 0.30278248
6961.0 0.30487415
6962.0 0.30696973
6963.0 0.3090462
6964.0 0.31112656
6965.0 0.3132338
6966.0 0.31541148
6967.0 0.31757066
6968.0 0.31973442
6969.0 0.3219259
6970.0 0.324122
6971.0 0.32591808
6972.0 0.32771477
6973.0 0.32953528
6974.0 0.33135635
6975.0 0.33315483
6976.0 0.33481362
6977.0 0.33649477
6978.0 0.3381751
6979.0 0.3398313
6980.0 0.34148666
6981.0 0.3430343
6982.0 0.3445797
6983.0 0.34609973
6984.0 0.3476176
6985.0 0.34915638
6986.0 0.35054535
6987.0 0.35190755
6988.0 0.35326615
6989.0 0.3546441
6990.0 0.35601833
6991.0 0.35771936
6992.0 0.35942015
6993.0 0.3611437
6994.0 0.36286706
6995.0 0.36456716
6996.0 0.3664219
6997.0 0.36830088
6998.0 0.37018108
6999.0 0.37203947
7000.0 0.37389907
7001.0 0.37567818
7002.0 0.37745756
7003.0 0.37921417
7004.0 0.38097104
7005.0 0.38275123
7006.0 0.38453165
7007.0 0.38628933
7008.0 0.38804725
7009.0 0.38982847
7010.0 0.39160997
7011.0 0.39333653
7012.0 0.39506286
7013.0 0.39676595
7014.0 0.3984688
7015.0 0.40019447
7016.0 0.40200472
7017.0 0.40358502
7018.0 0.40516573
7019.0 0.40607837
7020.0 0.40699124
7021.0 0.40785867
7022.0 0.4087261
7023.0 0.40959346
7024.0 0.4104608
7025.0 0.4113281
7026.0 0.4123691
7027.0 0.41338772
7028.0 0.41440699
7029.0 0.41545004
7030.0 0.4164938
7031.0 0.4177609
7032.0 0.4190297
7033.0 0.4203002
7034.0 0.4215724
7035.0 0.42282307
7036.0 0.42372048
7037.0 0.42464125
7038.0 0.42556217
7039.0 0.42648324
7040.0 0.42740446
7041.0 0.42825666
7042.0 0.42910874
7043.0 0.42996067
7044.0 0.4308125
7045.0 0.43164098
7046.0 0.43246934
7047.0 0.4333208
7048.0 0.43417212
7049.0 0.43502334
7050.0 0.43587443
7051.0 0.4367904
7052.0 0.43770653
7053.0 0.43794978
7054.0 0.43819305
7055.0 0.43822747
7056.0 0.43835363
7057.0 0.43847984
7058.0 0.43860602
7059.0 0.43873224
7060.0 0.43885845
7061.0 0.43892565
7062.0 0.43899286
7063.0 0.43906003
7064.0 0.43912718
7065.0 0.43919435
7066.0 0.4392615
7067.0 0.43932864
7068.0 0.43939576
7069.0 0.43946287
7070.0 0.43953
7071.0 0.4395534
7072.0 0.43957683
7073.0 0.43960023
7074.0 0.43962362
7075.0 0.43964702
7076.0 0.4396704
7077.0 0.4396938
7078.0 0.43971717
7079.0 0.43974054
7080.0 0.4397639
7081.0 0.4398439
7082.0 0.43992385
7083.0 0.4400038
7084.0 0.44008374
7085.0 0.4401637
7086.0 0.44024363
7087.0 0.44032356
7088.0 0.4404035
7089.0 0.44048342
7090.0 0.44056335
7091.0 0.44060427
7092.0 0.4406452
7093.0 0.4406861
7094.0 0.44072703
7095.0 0.44076794
7096.0 0.44080886
7097.0 0.44084975
7098.0 0.44089067
7099.0 0.44093156
7100.0 0.44097248
7101.0 0.44099927
7102.0 0.44102606
7103.0 0.44105285
7104.0 0.44107962
7105.0 0.4411064
7106.0 0.44113317
7107.0 0.44115993
7108.0 0.4411867
7109.0 0.44121346
7110.0 0.44124022
7111.0 0.44134462
7112.0 0.44144902
7113.0 0.44155344
7114.0 0.44165784
7115.0 0.44176227
7116.0 0.4418667
7117.0 0.44197112
7118.0 0.44207555
7119.0 0.44217998
7120.0 0.4422844
7121.0 0.44219506
7122.0 0.44210568
7123.0 0.44201627
7124.0 0.4419269
7125.0 0.4418375
7126.0 0.44184002
7127.0 0.44184256
7128.0 0.4418451
7129.0 0.44184762
7130.0 0.44185013
7131.0 0.44184536
7132.0 0.44184062
7133.0 0.44183585
7134.0 0.44183108
7135.0 0.4418263
7136.0 0.4418221
7137.0 0.44181824
7138.0 0.44181454
7139.0 0.44181082
7140.0 0.44180697
7141.0 0.44175133
7142.0 0.44169524
7143.0 0.4416386
7144.0 0.44158128
7145.0 0.44152325
7146.0 0.44146436
7147.0 0.44140464
7148.0 0.44134396
7149.0 0.44128233
7150.0 0.44121975
7151.0 0.44115606
7152.0 0.4410914
7153.0 0.44102576
7154.0 0.44095922
7155.0 0.4408918
7156.0 0.44073153
7157.0 0.44057047
7158.0 0.4404088
7159.0 0.44024655
7160.0 0.44008383
7161.0 0.43922874
7162.0 0.4383736
7163.0 0.43751857
7164.0 0.43666378
7165.0 0.43580946
7166.0 0.4339434
7167.0 0.43207753
7168.0 0.4302119
7169.0 0.42834646
7170.0 0.42648125
7171.0 0.42476815
7172.0 0.42305475
7173.0 0.4213411
7174.0 0.4196271
7175.0 0.41791284
7176.0 0.41721094
7177.0 0.41650888
7178.0 0.4158067
7179.0 0.41510442
7180.0 0.414402
7181.0 0.41307688
7182.0 0.411752
7183.0 0.41042733
7184.0 0.4091029
7185.0 0.40777868
7186.0 0.40691507
7187.0 0.4060517
7188.0 0.40518853
7189.0 0.40432552
7190.0 0.4034626
7191.0 0.40356565
7192.0 0.40366858
7193.0 0.40377134
7194.0 0.40387392
7195.0 0.40397626
7196.0 0.40426224
7197.0 0.40454787
7198.0 0.40483317
7199.0 0.4051182
7200.0 0.405403
7201.0 0.40635175
7202.0 0.4073005
7203.0 0.40824923
7204.0 0.40919802
7205.0 0.41014686
7206.0 0.4124769
7207.0 0.4148073
7208.0 0.4171381
7209.0 0.41946933
7210.0 0.42180103
7211.0 0.4239976
7212.0 0.42619428
7213.0 0.42839113
7214.0 0.4305882
7215.0 0.43278548
7216.0 0.43351004
7217.0 0.43423486
7218.0 0.43495992
7219.0 0.43568513
7220.0 0.4364104
7221.0 0.43625388
7222.0 0.43609723
7223.0 0.43594038
7224.0 0.43578324
7225.0 0.4356257
7226.0 0.43417808
7227.0 0.43272987
7228.0 0.43128112
7229.0 0.4298319
7230.0 0.42838225
7231.0 0.42612213
7232.0 0.42386237
7233.0 0.42160296
7234.0 0.41934404
7235.0 0.41708556
7236.0 0.41676036
7237.0 0.41643494
7238.0 0.41610953
7239.0 0.4157843
7240.0 0.41545945
7241.0 0.41567013
7242.0 0.41588145
7243.0 0.41609362
7244.0 0.41630673
7245.0 0.41652095
7246.0 0.41692045
7247.0 0.4173211
7248.0 0.41772282
7249.0 0.41812566
7250.0 0.4185296
7251.0 0.41888875
7252.0 0.41924885
7253.0 0.4196098
7254.0 0.41997162
7255.0 0.42033407
7256.0 0.42106542
7257.0 0.42179745
7258.0 0.42253006
7259.0 0.4232632
7260.0 0.4239967
7261.0 0.42404526
7262.0 0.424094
7263.0 0.42414272
7264.0 0.4241913
7265.0 0.42423952
7266.0 0.42419505
7267.0 0.4241506
7268.0 0.4241061
7269.0 0.4240616
7270.0 0.42401707
7271.0 0.42322853
7272.0 0.42243984
7273.0 0.42165098
7274.0 0.42086196
7275.0 0.4200728
7276.0 0.4200213
7277.0 0.41996977
7278.0 0.41991824
7279.0 0.41986668
7280.0 0.4198151
7281.0 0.4212823
7282.0 0.42274943
7283.0 0.4242165
7284.0 0.4256835
7285.0 0.42715046
7286.0 0.4269562
7287.0 0.42676163
7288.0 0.4265669
7289.0 0.42637217
7290.0 0.4261776
7291.0 0.4265197
7292.0 0.4268623
7293.0 0.42720553
7294.0 0.42754945
7295.0 0.42789415
7296.0 0.4286089
7297.0 0.42932457
7298.0 0.43004125
7299.0 0.4307591
7300.0 0.43147817
7301.0 0.4311676
7302.0 0.43085817
7303.0 0.43054986
7304.0 0.4302427
7305.0 0.42993665
7306.0 0.4299089
7307.0 0.42988226
7308.0 0.4298566
7309.0 0.42983174
7310.0 0.42980757
7311.0 0.43014586
7312.0 0.43048456
7313.0 0.43082348
7314.0 0.4311624
7315.0 0.4315011
7316.0 0.43220899
7317.0 0.432917
7318.0 0.43362513
7319.0 0.4343333
7320.0 0.4350415
7321.0 0.43607336
7322.0 0.43710506
7323.0 0.43813652
7324.0 0.43916768
7325.0 0.4401985
7326.0 0.44067386
7327.0 0.44114888
7328.0 0.4416237
7329.0 0.4420983
7330.0 0.44257286
7331.0 0.4425819
7332.0 0.44259098
7333.0 0.44260025
7334.0 0.44260982
7335.0 0.4426197
7336.0 0.44290832
7337.0 0.4431977
7338.0 0.4434876
7339.0 0.44377786
7340.0 0.44406825
7341.0 0.4442188
7342.0 0.4443692
7343.0 0.44451916
7344.0 0.44466862
7345.0 0.4448174
7346.0 0.44478023
7347.0 0.44474214
7348.0 0.444703
7349.0 0.44466278
7350.0 0.44462138
7351.0 0.44471368
7352.0 0.44480473
7353.0 0.44489452
7354.0 0.44498304
7355.0 0.4450703
7356.0 0.444971
7357.0 0.44487077
7358.0 0.44476965
7359.0 0.44466782
7360.0 0.44456545
7361.0 0.4445147
7362.0 0.4444637
7363.0 0.4444127
7364.0 0.44436193
7365.0 0.44431156
7366.0 0.44444728
7367.0 0.44458303
7368.0 0.44471875
7369.0 0.44485453
7370.0 0.4449903
7371.0 0.44526562
7372.0 0.44554093
7373.0 0.44581628
7374.0 0.4460916
7375.0 0.4463669
7376.0 0.4465495
7377.0 0.4467321
7378.0 0.4469147
7379.0 0.44709727
7380.0 0.44727987
7381.0 0.44728205
7382.0 0.4472842
7383.0 0.44728637
7384.0 0.44728854
7385.0 0.4472907
7386.0 0.44738555
7387.0 0.4474804
7388.0 0.44757527
7389.0 0.44767013
7390.0 0.44776502
7391.0 0.44780487
7392.0 0.4478447
7393.0 0.44788453
7394.0 0.44792438
7395.0 0.44796422
7396.0 0.4480968
7397.0 0.4482294
7398.0 0.44836202
7399.0 0.44849464
7400.0 0.4486273
7401.0 0.4487227
7402.0 0.4488181
7403.0 0.4489135
7404.0 0.4490089
7405.0 0.4491043
7406.0 0.4491997
7407.0 0.4492951
7408.0 0.44939053
7409.0 0.44948593
7410.0 0.44958133
7411.0 0.4495736
7412.0 0.4495659
7413.0 0.4495582
7414.0 0.44955048
7415.0 0.44954276
7416.0 0.44962782
7417.0 0.44971287
7418.0 0.44979796
7419.0 0.449883
7420.0 0.44996804
7421.0 0.4499452
7422.0 0.44992238
7423.0 0.44989955
7424.0 0.44987673
7425.0 0.44985387
7426.0 0.44983104
7427.0 0.4498082
7428.0 0.44978538
7429.0 0.44976252
7430.0 0.4497397
7431.0 0.4498826
7432.0 0.4500255
7433.0 0.45016843
7434.0 0.4503114
7435.0 0.45045435
7436.0 0.45050454
7437.0 0.45055473
7438.0 0.45060495
7439.0 0.45065513
7440.0 0.45070532
7441.0 0.45070064
7442.0 0.45069596
7443.0 0.45069128
7444.0 0.4506866
7445.0 0.45068192
7446.0 0.45067725
7447.0 0.45067257
7448.0 0.4506679
7449.0 0.4506632
7450.0 0.4506585
7451.0 0.4506525
7452.0 0.4506465
7453.0 0.45064047
7454.0 0.45063445
7455.0 0.45062843
7456.0 0.4506224
7457.0 0.4506164
7458.0 0.45061037
7459.0 0.45060435
7460.0 0.4505983
7461.0 0.45057732
7462.0 0.45055634
7463.0 0.45053536
7464.0 0.45051435
7465.0 0.45049337
7466.0 0.45047238
7467.0 0.4504514
7468.0 0.4504304
7469.0 0.4504094
7470.0 0.45038843
7471.0 0.450495
7472.0 0.45060158
7473.0 0.45070815
7474.0 0.45081475
7475.0 0.45092136
7476.0 0.45093516
7477.0 0.45094898
7478.0 0.45096278
7479.0 0.45097658
7480.0 0.4509904
7481.0 0.4510056
7482.0 0.4510208
7483.0 0.451036
7484.0 0.45105118
7485.0 0.45106634
7486.0 0.4510815
7487.0 0.45109668
7488.0 0.45111185
7489.0 0.451127
7490.0 0.45114213
7491.0 0.45114905
7492.0 0.451156
7493.0 0.45116287
7494.0 0.4511698
7495.0 0.4511767
7496.0 0.45118362
7497.0 0.45119053
7498.0 0.45119745
7499.0 0.45120433
7500.0 0.45121124
7501.0 0.45119974
7502.0 0.4511882
7503.0 0.4511767
7504.0 0.4511652
7505.0 0.45115367
7506.0 0.451235
7507.0 0.4513163
7508.0 0.4513976
7509.0 0.4514789
7510.0 0.45156017
7511.0 0.45155668
7512.0 0.45155317
7513.0 0.45154965
7514.0 0.45154613
7515.0 0.45154265
7516.0 0.45153913
7517.0 0.4515356
7518.0 0.4515321
7519.0 0.45152858
7520.0 0.45152506
7521.0 0.45151556
7522.0 0.45150608
7523.0 0.4514966
7524.0 0.4514871
7525.0 0.45147762
7526.0 0.4514681
7527.0 0.45145863
7528.0 0.45144913
7529.0 0.45143965
7530.0 0.45143014
7531.0 0.45149738
7532.0 0.4515646
7533.0 0.45163184
7534.0 0.45169908
7535.0 0.45176628
7536.0 0.45174015
7537.0 0.45171368
7538.0 0.451687
7539.0 0.45166036
7540.0 0.45163384
7541.0 0.45160374
7542.0 0.4515741
7543.0 0.45154497
7544.0 0.4515165
7545.0 0.4514888
7546.0 0.45146188
7547.0 0.45143586
7548.0 0.45141077
7549.0 0.45138666
7550.0 0.4513635
7551.0 0.45133102
7552.0 0.45129955
7553.0 0.451269
7554.0 0.4512394
7555.0 0.4512107
7556.0 0.45118278
7557.0 0.45115563
7558.0 0.45112914
7559.0 0.45110318
7560.0 0.45107764
7561.0 0.45109722
7562.0 0.45111692
7563.0 0.45113665
7564.0 0.4511562
7565.0 0.4511754
7566.0 0.45128664
7567.0 0.45139793
7568.0 0.4515092
7569.0 0.4516205
7570.0 0.4517318
7571.0 0.45173585
7572.0 0.45173994
7573.0 0.45174402
7574.0 0.45174807
7575.0 0.45175213
7576.0 0.4517562
7577.0 0.45176026
7578.0 0.45176432
7579.0 0.45176837
7580.0 0.45177245
7581.0 0.4514512
7582.0 0.45112988
7583.0 0.4508085
7584.0 0.45048702
7585.0 0.45016545
7586.0 0.44604236
7587.0 0.44191867
7588.0 0.4377942
7589.0 0.43366882
7590.0 0.42954236
7591.0 0.41283953
7592.0 0.39613664
7593.0 0.37943357
7594.0 0.36273035
7595.0 0.34602696
7596.0 0.32162377
7597.0 0.29722077
7598.0 0.27281806
7599.0 0.24841578
7600.0 0.22401409
7601.0 0.21102683
7602.0 0.19803926
7603.0 0.18505146
7604.0 0.17206354
7605.0 0.15907559
7606.0 0.16046458
7607.0 0.16185327
7608.0 0.16324168
7609.0 0.16462985
7610.0 0.16601779
7611.0 0.17917123
7612.0 0.19232216
7613.0 0.20547064
7614.0 0.21861672
7615.0 0.23176056
7616.0 0.24555112
7617.0 0.25933918
7618.0 0.27312472
7619.0 0.28690776
7620.0 0.3006883
7621.0 0.29874095
7622.0 0.29679364
7623.0 0.29484633
7624.0 0.29289904
7625.0 0.2909518
7626.0 0.28353763
7627.0 0.27612355
7628.0 0.26870954
7629.0 0.2612956
7630.0 0.25388172
7631.0 0.25395852
7632.0 0.25403532
7633.0 0.25411212
7634.0 0.2541889
7635.0 0.25426567
7636.0 0.25841781
7637.0 0.26256946
7638.0 0.26672056
7639.0 0.27087116
7640.0 0.27502126
7641.0 0.2800061
7642.0 0.2849904
7643.0 0.28997415
7644.0 0.29495737
7645.0 0.29994002
7646.0 0.3058478
7647.0 0.3117549
7648.0 0.31766137
7649.0 0.32356718
7650.0 0.32947233
7651.0 0.3347525
7652.0 0.34003285
7653.0 0.3453133
7654.0 0.35059395
7655.0 0.35587475
7656.0 0.36004502
7657.0 0.36421537
7658.0 0.36838588
7659.0 0.3725565
7660.0 0.37672725
7661.0 0.38028646
7662.0 0.38384473
7663.0 0.38740203
7664.0 0.39095837
7665.0 0.39451376
7666.0 0.39825314
7667.0 0.40199155
7668.0 0.4057289
7669.0 0.40946528
7670.0 0.41320065
7671.0 0.41567242
7672.0 0.4181439
7673.0 0.42061508
7674.0 0.423086
7675.0 0.4255566
7676.0 0.42691803
7677.0 0.4282793
7678.0 0.42964044
7679.0 0.4310014
7680.0 0.4323622
7681.0 0.43329984
7682.0 0.4342375
7683.0 0.43517524
7684.0 0.43611303
7685.0 0.43705088
7686.0 0.43771082
7687.0 0.43837038
7688.0 0.43902972
7689.0 0.43968907
7690.0 0.44034868
7691.0 0.44086277
7692.0 0.44137734
7693.0 0.44189253
7694.0 0.44240847
7695.0 0.44292527
7696.0 0.44362777
7697.0 0.44433135
7698.0 0.445036
7699.0 0.4457418
7700.0 0.4464488
7701.0 0.44688985
7702.0 0.44733214
7703.0 0.44777566
7704.0 0.44822037
7705.0 0.44866621
7706.0 0.44883636
7707.0 0.4490076
7708.0 0.44917974
7709.0 0.4493526
7710.0 0.44952595
7711.0 0.44962713
7712.0 0.4497284
7713.0 0.44982946
7714.0 0.44993007
7715.0 0.45002997
7716.0 0.45003656
7717.0 0.4500428
7718.0 0.4500488
7719.0 0.45005444
7720.0 0.45005974
7721.0 0.45009336
7722.0 0.45012662
7723.0 0.45015955
7724.0 0.45019218
7725.0 0.45022452
7726.0 0.4502566
7727.0 0.4502884
7728.0 0.45031998
7729.0 0.45035136
7730.0 0.45038262
7731.0 0.4504605
7732.0 0.4505383
7733.0 0.45061612
7734.0 0.45069396
7735.0 0.45077196
7736.0 0.45075828
7737.0 0.450745
7738.0 0.45073187
7739.0 0.45071873
7740.0 0.45070544
7741.0 0.45070487
7742.0 0.45070386
7743.0 0.4507023
7744.0 0.45070007
7745.0 0.45069712
7746.0 0.45069337
7747.0 0.45068872
7748.0 0.45068315
7749.0 0.4506766
7750.0 0.45066908
7751.0 0.45064625
7752.0 0.45062244
7753.0 0.4505977
7754.0 0.450572
7755.0 0.45054546
7756.0 0.45051807
7757.0 0.45048997
7758.0 0.45046118
7759.0 0.45043188
7760.0 0.45040214
7761.0 0.45038065
7762.0 0.450359
7763.0 0.45033735
7764.0 0.4503159
7765.0 0.45029476
7766.0 0.4502742
7767.0 0.45025364
7768.0 0.4502331
7769.0 0.45021254
7770.0 0.45019197
7771.0 0.4501589
7772.0 0.45012584
7773.0 0.45009276
7774.0 0.4500597
7775.0 0.45002666
7776.0 0.44999358
7777.0 0.44996053
7778.0 0.44992748
7779.0 0.44989443
7780.0 0.44986135
7781.0 0.44983542
7782.0 0.4498095
7783.0 0.4497836
7784.0 0.44975767
7785.0 0.44973174
7786.0 0.4497058
7787.0 0.44967988
7788.0 0.44965395
7789.0 0.44962803
7790.0 0.4496021
7791.0 0.4496798
7792.0 0.4497575
7793.0 0.44983518
7794.0 0.44991288
7795.0 0.44999054
7796.0 0.44997612
7797.0 0.44996166
7798.0 0.4499472
7799.0 0.44993275
7800.0 0.44991833
7801.0 0.44985348
7802.0 0.44978866
7803.0 0.44972387
7804.0 0.44965905
7805.0 0.44959423
7806.0 0.44952944
7807.0 0.44946465
7808.0 0.44939986
7809.0 0.44933507
7810.0 0.4492703
7811.0 0.44927397
7812.0 0.44927764
7813.0 0.44928133
7814.0 0.449285
7815.0 0.44928864
7816.0 0.4492923
7817.0 0.44929597
7818.0 0.4492996
7819.0 0.44930327
7820.0 0.4493069
7821.0 0.44927704
7822.0 0.44924715
7823.0 0.4492173
7824.0 0.44918743
7825.0 0.44915757
7826.0 0.4491277
7827.0 0.44909784
7828.0 0.44906798
7829.0 0.44903812
7830.0 0.44900826
7831.0 0.44897914
7832.0 0.44895002
7833.0 0.4489209
7834.0 0.4488918
7835.0 0.44886267
7836.0 0.44883358
7837.0 0.44880447
7838.0 0.44877535
7839.0 0.44874623
7840.0 0.44871715
7841.0 0.44867176
7842.0 0.4486264
7843.0 0.44858104
7844.0 0.44853565
7845.0 0.4484903
7846.0 0.44844493
7847.0 0.44839957
7848.0 0.4483542
7849.0 0.44830889
7850.0 0.44826353
7851.0 0.44826317
7852.0 0.4482628
7853.0 0.44826242
7854.0 0.44826207
7855.0 0.44826168
7856.0 0.4482613
7857.0 0.44826093
7858.0 0.44826055
7859.0 0.44826013
7860.0 0.44825974
7861.0 0.44813082
7862.0 0.4480019
7863.0 0.44787297
7864.0 0.44774407
7865.0 0.4476152
7866.0 0.44757804
7867.0 0.4475409
7868.0 0.44750378
7869.0 0.44746664
7870.0 0.4474295
7871.0 0.44732454
7872.0 0.44721958
7873.0 0.44711462
7874.0 0.44700968
7875.0 0.44690475
7876.0 0.44689146
7877.0 0.4468782
7878.0 0.44686493
7879.0 0.44685164
7880.0 0.44683838
7881.0 0.44670227
7882.0 0.4465662
7883.0 0.44643012
7884.0 0.44629407
7885.0 0.44615805
7886.0 0.44593045
7887.0 0.44570288
7888.0 0.44547537
7889.0 0.44524786
7890.0 0.4450204
7891.0 0.44479036
7892.0 0.44456032
7893.0 0.44433033
7894.0 0.44410038
7895.0 0.44387048
7896.0 0.44382364
7897.0 0.44377682
7898.0 0.44372997
7899.0 0.44368315
7900.0 0.44363633
7901.0 0.4435827
7902.0 0.44352907
7903.0 0.44347546
7904.0 0.44342184
7905.0 0.4433682
7906.0 0.44331458
7907.0 0.44326094
7908.0 0.44320732
7909.0 0.44315368
7910.0 0.44310006
7911.0 0.44327638
7912.0 0.44345272
7913.0 0.44362903
7914.0 0.44380534
7915.0 0.44398162
7916.0 0.4439752
7917.0 0.4439688
7918.0 0.44396237
7919.0 0.44395596
7920.0 0.44394952
7921.0 0.44380417
7922.0 0.44365883
7923.0 0.4435135
7924.0 0.44336823
7925.0 0.44322297
7926.0 0.44326028
7927.0 0.4432976
7928.0 0.44333488
7929.0 0.44337216
7930.0 0.4434094
7931.0 0.44367167
7932.0 0.4439339
7933.0 0.44419613
7934.0 0.44445837
7935.0 0.44472054
7936.0 0.44498274
7937.0 0.44524488
7938.0 0.44550705
7939.0 0.44576916
7940.0 0.44603127
7941.0 0.4459902
7942.0 0.4459491
7943.0 0.44590804
7944.0 0.44586697
7945.0 0.4458259
7946.0 0.44569367
7947.0 0.44556147
7948.0 0.44542927
7949.0 0.4452971
7950.0 0.44516492
7951.0 0.44494963
7952.0 0.44473436
7953.0 0.4445191
7954.0 0.4443039
7955.0 0.4440887
7956.0 0.44360027
7957.0 0.4431119
7958.0 0.44262362
7959.0 0.4421354
7960.0 0.44164726
7961.0 0.4413942
7962.0 0.44114122
7963.0 0.44088832
7964.0 0.44063547
7965.0 0.44038266
7966.0 0.4406758
7967.0 0.44096878
7968.0 0.44126168
7969.0 0.44155446
7970.0 0.44184712
7971.0 0.4420825
7972.0 0.4423178
7973.0 0.4425531
7974.0 0.44278833
7975.0 0.44302353
7976.0 0.44307694
7977.0 0.44313034
7978.0 0.44318372
7979.0 0.4432371
7980.0 0.44329044
7981.0 0.44328594
7982.0 0.4432814
7983.0 0.4432769
7984.0 0.44327238
7985.0 0.44326785
7986.0 0.44326335
7987.0 0.44325882
7988.0 0.4432543
7989.0 0.44324976
7990.0 0.44324523
7991.0 0.44321972
7992.0 0.44319418
7993.0 0.44316867
7994.0 0.44314316
7995.0 0.44311765
7996.0 0.44291055
7997.0 0.44270346
7998.0 0.4424964
7999.0 0.44228935
8000.0 0.44208232
8001.0 0.44183522
8002.0 0.4415882
8003.0 0.44134122
8004.0 0.4410943
8005.0 0.44084743
8006.0 0.440782
8007.0 0.4407166
8008.0 0.4406512
8009.0 0.4405858
8010.0 0.4405204
8011.0 0.44051838
8012.0 0.44051638
8013.0 0.4405144
8014.0 0.4405124
8015.0 0.44051036
8016.0 0.440599
8017.0 0.44068763
8018.0 0.44077626
8019.0 0.4408649
8020.0 0.44095352
8021.0 0.4409351
8022.0 0.44091666
8023.0 0.44089824
8024.0 0.44087982
8025.0 0.44086137
8026.0 0.44084296
8027.0 0.44082454
8028.0 0.4408061
8029.0 0.44078767
8030.0 0.44076926
8031.0 0.44087234
8032.0 0.44097546
8033.0 0.44107857
8034.0 0.44118172
8035.0 0.44128484
8036.0 0.44129735
8037.0 0.4410995
8038.0 0.4409016
8039.0 0.44002584
8040.0 0.43915
8041.0 0.4382209
8042.0 0.43729195
8043.0 0.43636316
8044.0 0.43543455
8045.0 0.43452945
8046.0 0.4338026
8047.0 0.4330518
8048.0 0.43230036
8049.0 0.43154836
8050.0 0.43079576
8051.0 0.4300731
8052.0 0.42934975
8053.0 0.4286257
8054.0 0.42790097
8055.0 0.42719898
8056.0 0.42632195
8057.0 0.4254215
8058.0 0.42452112
8059.0 0.42362076
8060.0 0.42272043
8061.0 0.42181447
8062.0 0.42090857
8063.0 0.42002615
8064.0 0.41914383
8065.0 0.4182381
8066.0 0.41733247
8067.0 0.41642687
8068.0 0.41552135
8069.0 0.4146159
8070.0 0.4137105
8071.0 0.41279802
8072.0 0.41188577
8073.0 0.4102942
8074.0 0.40870303
8075.0 0.40687793
8076.0 0.4050532
8077.0 0.4032523
8078.0 0.4014518
8079.0 0.39962825
8080.0 0.3978051
8081.0 0.39591613
8082.0 0.39402816
8083.0 0.3921646
8084.0 0.39030197
8085.0 0.38841698
8086.0 0.386533
8087.0 0.38467336
8088.0 0.3828147
8089.0 0.38093367
8090.0 0.37905365
8091.0 0.37724063
8092.0 0.37542817
8093.0 0.37359297
8094.0 0.3717583
8095.0 0.36994758
8096.0 0.36821294
8097.0 0.36645484
8098.0 0.3646966
8099.0 0.3629615
8100.0 0.3612263
8101.0 0.3594576
8102.0 0.3576889
8103.0 0.35594347
8104.0 0.35419798
8105.0 0.35242912
8106.0 0.35051635
8107.0 0.3486283
8108.0 0.34674165
8109.0 0.34483308
8110.0 0.3429259
8111.0 0.34093475
8112.0 0.33894613
8113.0 0.3369368
8114.0 0.33493006
8115.0 0.33294913
8116.0 0.33103898
8117.0 0.3291075
8118.0 0.32717782
8119.0 0.32527316
8120.0 0.32337028
8121.0 0.32155693
8122.0 0.31974414
8123.0 0.31795508
8124.0 0.31616658
8125.0 0.31435558
8126.0 0.31209254
8127.0 0.30985823
8128.0 0.30762947
8129.0 0.30538332
8130.0 0.30314282
8131.0 0.3004413
8132.0 0.29775095
8133.0 0.2950945
8134.0 0.2924491
8135.0 0.28979212
8136.0 0.28769562
8137.0 0.2856262
8138.0 0.2835613
8139.0 0.28147843
8140.0 0.27940014
8141.0 0.27755216
8142.0 0.2757062
8143.0 0.27383983
8144.0 0.2719755
8145.0 0.27013552
8146.0 0.26789558
8147.0 0.26564038
8148.0 0.26339224
8149.0 0.26117334
8150.0 0.25896144
8151.0 0.25665197
8152.0 0.25435075
8153.0 0.2520798
8154.0 0.24981704
8155.0 0.24754058
8156.0 0.2453262
8157.0 0.24314114
8158.0 0.24096352
8159.0 0.23877168
8160.0 0.23658739
8161.0 0.23463659
8162.0 0.2326904
8163.0 0.23072729
8164.0 0.22876883
8165.0 0.22683649
8166.0 0.22591192
8167.0 0.22495587
8168.0 0.2239898
8169.0 0.22303542
8170.0 0.22207116
8171.0 0.22042336
8172.0 0.21877545
8173.0 0.2171492
8174.0 0.21552284
8175.0 0.2138746
8176.0 0.2113885
8177.0 0.20893691
8178.0 0.20649806
8179.0 0.2040505
8180.0 0.20161584
8181.0 0.20060839
8182.0 0.19959086
8183.0 0.19858482
8184.0 0.19756888
8185.0 0.19652131
8186.0 0.19533493
8187.0 0.19416247
8188.0 0.19298227
8189.0 0.1917724
8190.0 0.1905547
8191.0 0.18894891
8192.0 0.18734244
8193.0 0.18571329
8194.0 0.18408345
8195.0 0.18247487
8196.0 0.18082629
8197.0 0.17915575
8198.0 0.17748524
8199.0 0.17583671
8200.0 0.1741882
8201.0 0.1734239
8202.0 0.17264214
8203.0 0.17186522
8204.0 0.17107108
8205.0 0.17023714
8206.0 0.1691715
8207.0 0.16811545
8208.0 0.16704644
8209.0 0.16594158
8210.0 0.16482359
8211.0 0.16302562
8212.0 0.16122921
8213.0 0.15941146
8214.0 0.1575953
8215.0 0.1558037
8216.0 0.15372476
8217.0 0.15163107
8218.0 0.14954555
8219.0 0.1474909
8220.0 0.1454443
8221.0 0.14252229
8222.0 0.13962883
8223.0 0.13678603
8224.0 0.13397144
8225.0 0.13116336
8226.0 0.12801337
8227.0 0.124922596
8228.0 0.1218693
8229.0 0.1188328
8230.0 0.11583431
8231.0 0.11488778
8232.0 0.11392465
8233.0 0.11296571
8234.0 0.11199039
8235.0 0.1109777
8236.0 0.110670134
8237.0 0.11034633
8238.0 0.109985314
8239.0 0.1095651
8240.0 0.10910719
8241.0 0.10790198
8242.0 0.10668244
8243.0 0.10542605
8244.0 0.10415512
8245.0 0.102892384
8246.0 0.10129609
8247.0 0.09967344
8248.0 0.09804715
8249.0 0.096440025
8250.0 0.0948293
8251.0 0.09300307
8252.0 0.09118024
8253.0 0.089383565
8254.0 0.08759023
8255.0 0.08577752
8256.0 0.08396821
8257.0 0.08218496
8258.0 0.080405064
8259.0 0.07860588
8260.0 0.0768101
8261.0 0.07530269
8262.0 0.073786795
8263.0 0.07223962
8264.0 0.070683844
8265.0 0.06914235
8266.0 0.06747975
8267.0 0.06579148
8268.0 0.06410042
8269.0 0.062429536
8270.0 0.0607559
8271.0 0.058710206
8272.0 0.056682274
8273.0 0.054694727
8274.0 0.052724704
8275.0 0.050749805
8276.0 0.048897218
8277.0 0.04707736
8278.0 0.045267828
8279.0 0.0434465
8280.0 0.041635633
8281.0 0.040881224
8282.0 0.040123396
8283.0 0.039362147
8284.0 0.03859748
8285.0 0.03785167
8286.0 0.037031084
8287.0 0.036188047
8288.0 0.035344843
8289.0 0.034501467
8290.0 0.03365792
8291.0 0.032836206
8292.0 0.032013178
8293.0 0.031211184
8294.0 0.030407913
8295.0 0.02958099
8296.0 0.028789548
8297.0 0.027994614
8298.0 0.027196188
8299.0 0.02639427
8300.0 0.02558886
8301.0 0.024766413
8302.0 0.023943026
8303.0 0.023096057
8304.0 0.022248121
8305.0 0.021399222
8306.0 0.020579658
8307.0 0.019756595
8308.0 0.018930031
8309.0 0.018122818
8310.0 0.017312193
8311.0 0.016439723
8312.0 0.015567495
8313.0 0.014695507
8314.0 0.01382376
8315.0 0.012952254
8316.0 0.012053211
8317.0 0.011181176
8318.0 0.010313266
8319.0 0.009426823
8320.0 0.008544617
8321.0 0.007698504
8322.0 0.0068495134
8323.0 0.005997646
8324.0 0.005142902
8325.0 0.004308075
8326.0 0.0034726288
8327.0 0.0026104215
8328.0 0.0017442474
8329.0 0.0008741069
8330.0 0.0