9084.0 0.0
9085.0 0.0003513803
9086.0 0.0007027096
9087.0 0.0014248338
9088.0 0.0021468496
9089.0 0.0028687564
9090.0 0.003590554
9091.0 0.004296884
9092.0 0.005004466
9093.0 0.0057328665
9094.0 0.0064625563
9095.0 0.0071935365
9096.0 0.007922272
9097.0 0.00863204
9098.0 0.009342444
9099.0 0.010073124
9100.0 0.010804466
9101.0 0.0115086315
9102.0 0.012209979
9103.0 0.012888987
9104.0 0.013565265
9105.0 0.014258271
9106.0 0.015015621
9107.0 0.015776575
9108.0 0.016541125
9109.0 0.017289624
9110.0 0.018041609
9111.0 0.018787222
9112.0 0.019534128
9113.0 0.020282315
9114.0 0.021031776
9115.0 0.021762712
9116.0 0.022411015
9117.0 0.023074983
9118.0 0.023734838
9119.0 0.024371022
9120.0 0.025003215
9121.0 0.025787864
9122.0 0.026575977
9123.0 0.027367553
9124.0 0.028162582
9125.0 0.02894132
9126.0 0.029476685
9127.0 0.030023297
9128.0 0.030561425
9129.0 0.031091077
9130.0 0.031612266
9131.0 0.03208885
9132.0 0.032556448
9133.0 0.033033844
9134.0 0.03350202
9135.0 0.034313
9136.0 0.03553741
9137.0 0.037128445
9138.0 0.03873405
9139.0 0.04033527
9140.0 0.041950807
9141.0 0.04369825
9142.0 0.045466397
9143.0 0.047255185
9144.0 0.049064558
9145.0 0.05087474
9146.0 0.052192833
9147.0 0.05352264
9148.0 0.054844435
9149.0 0.056158222
9150.0 0.057464004
9151.0 0.058256857
9152.0 0.05901725
9153.0 0.059726443
9154.0 0.06040372
9155.0 0.0610675
9156.0 0.06261343
9157.0 0.064166486
9158.0 0.065726675
9159.0 0.06729399
9160.0 0.068868436
9161.0 0.071017906
9162.0 0.07319696
9163.0 0.07542483
9164.0 0.07768268
9165.0 0.07997054
9166.0 0.081460275
9167.0 0.08295067
9168.0 0.0844417
9169.0 0.08591372
9170.0 0.08738633
9171.0 0.088186406
9172.0 0.088964716
9173.0 0.08972128
9174.0 0.09045608
9175.0 0.09116916
9176.0 0.09227454
9177.0 0.09335174
9178.0 0.09441968
9179.0 0.09549703
9180.0 0.09656503
9181.0 0.09850654
9182.0 0.100462936
9183.0 0.10241531
9184.0 0.10438232
9185.0 0.10638307
9186.0 0.10842255
9187.0 0.11047756
9188.0 0.11254802
9189.0 0.11463387
9190.0 0.11673505
9191.0 0.11838231
9192.0 0.120034195
9193.0 0.1217104
9194.0 0.12339122
9195.0 0.12507662
9196.0 0.12655203
9197.0 0.12802687
9198.0 0.12950113
9199.0 0.13095498
9200.0 0.13240822
9201.0 0.1342147
9202.0 0.13602753
9203.0 0.13784666
9204.0 0.13967209
9205.0 0.14150378
9206.0 0.14289422
9207.0 0.14426214
9208.0 0.14562759
9209.0 0.14701056
9210.0 0.1483911
9211.0 0.1494276
9212.0 0.15045533
9213.0 0.15147437
9214.0 0.15248479
9215.0 0.15346703
9216.0 0.15480141
9217.0 0.1561532
9218.0 0.15750271
9219.0 0.15884995
9220.0 0.1601949
9221.0 0.1619228
9222.0 0.16365515
9223.0 0.1654116
9224.0 0.16717254
9225.0 0.16893789
9226.0 0.17027962
9227.0 0.17161892
9228.0 0.17295577
9229.0 0.17427051
9230.0 0.17558287
9231.0 0.17680404
9232.0 0.17802112
9233.0 0.17923413
9234.0 0.18044312
9235.0 0.1816481
9236.0 0.18277296
9237.0 0.1838738
9238.0 0.18496984
9239.0 0.18608017
9240.0 0.1871851
9241.0 0.18834442
9242.0 0.18949872
9243.0 0.1906478
9244.0 0.19179145
9245.0 0.19291033
9246.0 0.19418909
9247.0 0.1954835
9248.0 0.19677426
9249.0 0.19806121
9250.0 0.19934429
9251.0 0.20086496
9252.0 0.20238492
9253.0 0.20392329
9254.0 0.20546092
9255.0 0.20699786
9256.0 0.20844589
9257.0 0.2098923
9258.0 0.21133721
9259.0 0.2127616
9260.0 0.21418482
9261.0 0.21561794
9262.0 0.21705042
9263.0 0.21848255
9264.0 0.21991467
9265.0 0.22134718
9266.0 0.22292101
9267.0 0.224477
9268.0 0.22603431
9269.0 0.22761223
9270.0 0.22919157
9271.0 0.22925109
9272.0 0.22929524
9273.0 0.2293241
9274.0 0.22933774
9275.0 0.2293176
9276.0 0.228787
9277.0 0.22825477
9278.0 0.22770226
9279.0 0.2271295
9280.0 0.22653654
9281.0 0.22741932
9282.0 0.22829722
9283.0 0.22915249
9284.0 0.23000292
9285.0 0.23086622
9286.0 0.23146503
9287.0 0.2320572
9288.0 0.23264225
9289.0 0.23320223
9290.0 0.23375434
9291.0 0.2338071
9292.0 0.23384635
9293.0 0.23387179
9294.0 0.23388316
9295.0 0.2338802
9296.0 0.23287712
9297.0 0.231834
9298.0 0.2307677
9299.0 0.22969452
9300.0 0.22859779
9301.0 0.22775973
9302.0 0.22689983
9303.0 0.22601822
9304.0 0.22511502
9305.0 0.22417502
9306.0 0.22327136
9307.0 0.22236255
9308.0 0.22143349
9309.0 0.2204845
9310.0 0.21951595
9311.0 0.21822843
9312.0 0.21692091
9313.0 0.21557961
9314.0 0.21421963
9315.0 0.21285541
9316.0 0.20950356
9317.0 0.20611736
9318.0 0.20269695
9319.0 0.19924252
9320.0 0.19575419
9321.0 0.19493113
9322.0 0.1940945
9323.0 0.1932565
9324.0 0.19240485
9325.0 0.19153962
9326.0 0.19264564
9327.0 0.19374119
9328.0 0.1948382
9329.0 0.19594862
9330.0 0.19706047
9331.0 0.1965565
9332.0 0.19604234
9333.0 0.19551802
9334.0 0.19498353
9335.0 0.19442731
9336.0 0.19051796
9337.0 0.18658696
9338.0 0.1826231
9339.0 0.17862673
9340.0 0.17459813
9341.0 0.17348027
9342.0 0.17235015
9343.0 0.1711981
9344.0 0.17003432
9345.0 0.16886859
9346.0 0.17486647
9347.0 0.18089925
9348.0 0.18696699
9349.0 0.19306973
9350.0 0.19920751
9351.0 0.20161703
9352.0 0.20403925
9353.0 0.20617796
9354.0 0.20832479
9355.0 0.21036404
9356.0 0.20899463
9357.0 0.20762043
9358.0 0.20624134
9359.0 0.20485722
9360.0 0.20346786
9361.0 0.20446336
9362.0 0.2054603
9363.0 0.20645842
9364.0 0.20745748
9365.0 0.20845723
9366.0 0.20758843
9367.0 0.20671648
9368.0 0.2058414
9369.0 0.20496318
9370.0 0.2040818
9371.0 0.20646538
9372.0 0.20885302
9373.0 0.21124469
9374.0 0.21364032
9375.0 0.21603987
9376.0 0.21711335
9377.0 0.21808459
9378.0 0.21905623
9379.0 0.21969372
9380.0 0.22032972
9381.0 0.22116745
9382.0 0.22200398
9383.0 0.22283936
9384.0 0.22367358
9385.0 0.22450668
9386.0 0.23042215
9387.0 0.23632792
9388.0 0.24222486
9389.0 0.24811393
9390.0 0.25399607
9391.0 0.26004097
9392.0 0.26607534
9393.0 0.2721001
9394.0 0.27811614
9395.0 0.28412437
9396.0 0.2829434
9397.0 0.28177032
9398.0 0.28060532
9399.0 0.27944848
9400.0 0.27829978
9401.0 0.27476174
9402.0 0.27123386
9403.0 0.26771572
9404.0 0.26420683
9405.0 0.26070663
9406.0 0.26036862
9407.0 0.2600349
9408.0 0.25970495
9409.0 0.25937822
9410.0 0.25905406
9411.0 0.26079655
9412.0 0.26253736
9413.0 0.2642756
9414.0 0.26601028
9415.0 0.26774022
9416.0 0.26714653
9417.0 0.26655355
9418.0 0.26596132
9419.0 0.26536992
9420.0 0.26477933
9421.0 0.25955686
9422.0 0.25434214
9423.0 0.24913518
9424.0 0.243936
9425.0 0.23874456
9426.0 0.23484686
9427.0 0.23095493
9428.0 0.22706868
9429.0 0.22318806
9430.0 0.21931297
9431.0 0.22214814
9432.0 0.22498147
9433.0 0.22781289
9434.0 0.2306423
9435.0 0.23346964
9436.0 0.2309717
9437.0 0.22847393
9438.0 0.22597696
9439.0 0.22348131
9440.0 0.22098745
9441.0 0.21870404
9442.0 0.21642423
9443.0 0.21414833
9444.0 0.21187662
9445.0 0.20960928
9446.0 0.21498893
9447.0 0.22036494
9448.0 0.22573762
9449.0 0.2311072
9450.0 0.23647393
9451.0 0.23729847
9452.0 0.23812498
9453.0 0.23895344
9454.0 0.23978373
9455.0 0.24061576
9456.0 0.23737948
9457.0 0.23414767
9458.0 0.23092
9459.0 0.22769609
9460.0 0.22447558
9461.0 0.22558333
9462.0 0.22669023
9463.0 0.2277958
9464.0 0.22889954
9465.0 0.23000087
9466.0 0.23302625
9467.0 0.23604882
9468.0 0.23906857
9469.0 0.2420855
9470.0 0.24509965
9471.0 0.24453247
9472.0 0.2439658
9473.0 0.2433997
9474.0 0.24283418
9475.0 0.2422693
9476.0 0.23793964
9477.0 0.23361553
9478.0 0.22929703
9479.0 0.2249842
9480.0 0.22067705
9481.0 0.22238691
9482.0 0.22409552
9483.0 0.22580291
9484.0 0.2275091
9485.0 0.22921406
9486.0 0.23519203
9487.0 0.24116652
9488.0 0.24713746
9489.0 0.25310478
9490.0 0.25906834
9491.0 0.2557703
9492.0 0.25247416
9493.0 0.2491799
9494.0 0.24588746
9495.0 0.2425968
9496.0 0.23793153
9497.0 0.2332688
9498.0 0.22860852
9499.0 0.22395064
9500.0 0.21929513
9501.0 0.2225259
9502.0 0.22575264
9503.0 0.22897527
9504.0 0.23219368
9505.0 0.2354078
9506.0 0.24122815
9507.0 0.24704158
9508.0 0.25284818
9509.0 0.25864792
9510.0 0.26444092
9511.0 0.26343063
9512.0 0.26242104
9513.0 0.26141232
9514.0 0.26040468
9515.0 0.25939825
9516.0 0.25287762
9517.0 0.24636495
9518.0 0.23986016
9519.0 0.2333633
9520.0 0.22687434
9521.0 0.22511029
9522.0 0.22334833
9523.0 0.22158846
9524.0 0.2198307
9525.0 0.21807504
9526.0 0.2214151
9527.0 0.22475049
9528.0 0.2280812
9529.0 0.23140721
9530.0 0.23472854
9531.0 0.23676512
9532.0 0.23879877
9533.0 0.2408295
9534.0 0.24285728
9535.0 0.2448821
9536.0 0.24530298
9537.0 0.24572344
9538.0 0.24614333
9539.0 0.24656247
9540.0 0.24698071
9541.0 0.24609669
9542.0 0.24521291
9543.0 0.24432933
9544.0 0.24344584
9545.0 0.24256237
9546.0 0.242826
9547.0 0.24308842
9548.0 0.24334951
9549.0 0.24360915
9550.0 0.24386722
9551.0 0.24281254
9552.0 0.24175783
9553.0 0.240703
9554.0 0.23964809
9555.0 0.23859306
9556.0 0.23747453
9557.0 0.23635612
9558.0 0.23523797
9559.0 0.2341202
9560.0 0.23300298
9561.0 0.23315898
9562.0 0.23331402
9563.0 0.23346832
9564.0 0.23362209
9565.0 0.23377554
9566.0 0.23424326
9567.0 0.23470986
9568.0 0.23517542
9569.0 0.23564
9570.0 0.23610368
9571.0 0.23980293
9572.0 0.24349621
9573.0 0.24718362
9574.0 0.25086522
9575.0 0.25454113
9576.0 0.2547163
9577.0 0.25489122
9578.0 0.2550658
9579.0 0.25524005
9580.0 0.25541392
9581.0 0.2534446
9582.0 0.25147766
9583.0 0.24951306
9584.0 0.24755073
9585.0 0.24559058
9586.0 0.24381883
9587.0 0.24204926
9588.0 0.24028175
9589.0 0.23851617
9590.0 0.23675242
9591.0 0.23538798
9592.0 0.23402503
9593.0 0.23266348
9594.0 0.23130327
9595.0 0.22994433
9596.0 0.23172385
9597.0 0.2334995
9598.0 0.23527126
9599.0 0.23703912
9600.0 0.23880307
9601.0 0.24051572
9602.0 0.2422248
9603.0 0.24393031
9604.0 0.2456323
9605.0 0.24733083
9606.0 0.24841574
9607.0 0.24949813
9608.0 0.25057808
9609.0 0.2516556
9610.0 0.2527308
9611.0 0.25381634
9612.0 0.25489977
9613.0 0.2559812
9614.0 0.25706074
9615.0 0.25813848
9616.0 0.25667152
9617.0 0.2552065
9618.0 0.25374338
9619.0 0.25228208
9620.0 0.2508226
9621.0 0.2482939
9622.0 0.24576834
9623.0 0.24324588
9624.0 0.24072653
9625.0 0.23821026
9626.0 0.24002492
9627.0 0.24183638
9628.0 0.24364468
9629.0 0.2454499
9630.0 0.24725208
9631.0 0.24903744
9632.0 0.25081968
9633.0 0.2525988
9634.0 0.25437483
9635.0 0.25614786
9636.0 0.25529334
9637.0 0.25444028
9638.0 0.25358853
9639.0 0.252738
9640.0 0.2518885
9641.0 0.25169367
9642.0 0.25149864
9643.0 0.25130337
9644.0 0.25110778
9645.0 0.2509118
9646.0 0.2516021
9647.0 0.25228998
9648.0 0.2529753
9649.0 0.25365806
9650.0 0.25433812
9651.0 0.25561374
9652.0 0.25688618
9653.0 0.25815532
9654.0 0.25942114
9655.0 0.2606836
9656.0 0.25942263
9657.0 0.2581624
9658.0 0.25690308
9659.0 0.25564486
9660.0 0.2543879
9661.0 0.25212684
9662.0 0.24986926
9663.0 0.24761534
9664.0 0.24536528
9665.0 0.24311925
9666.0 0.24395764
9667.0 0.24479464
9668.0 0.24563019
9669.0 0.24646427
9670.0 0.2472968
9671.0 0.25103638
9672.0 0.25476983
9673.0 0.25849715
9674.0 0.26221827
9675.0 0.26593313
9676.0 0.26704782
9677.0 0.2681603
9678.0 0.26927048
9679.0 0.27037826
9680.0 0.27148363
9681.0 0.2701262
9682.0 0.26877058
9683.0 0.26741672
9684.0 0.26606458
9685.0 0.2647141
9686.0 0.2651932
9687.0 0.26567066
9688.0 0.26614648
9689.0 0.26662058
9690.0 0.26709297
9691.0 0.2676044
9692.0 0.2681143
9693.0 0.2686226
9694.0 0.2691294
9695.0 0.26963472
9696.0 0.26883683
9697.0 0.26803952
9698.0 0.26724273
9699.0 0.26644647
9700.0 0.26565075
9701.0 0.26516923
9702.0 0.2646876
9703.0 0.2642059
9704.0 0.26372415
9705.0 0.26324233
9706.0 0.2636579
9707.0 0.26407185
9708.0 0.26448417
9709.0 0.2648948
9710.0 0.26530376
9711.0 0.2644111
9712.0 0.26351964
9713.0 0.26262942
9714.0 0.26174045
9715.0 0.26085275
9716.0 0.26029888
9717.0 0.2597452
9718.0 0.25919172
9719.0 0.25863844
9720.0 0.25808543
9721.0 0.25758323
9722.0 0.25708112
9723.0 0.25657913
9724.0 0.25607732
9725.0 0.25557572
9726.0 0.2545279
9727.0 0.25348204
9728.0 0.25243822
9729.0 0.25139642
9730.0 0.25035673
9731.0 0.24957567
9732.0 0.24879588
9733.0 0.24801743
9734.0 0.24724035
9735.0 0.24646471
9736.0 0.24595974
9737.0 0.24545524
9738.0 0.24495122
9739.0 0.24444768
9740.0 0.24394464
9741.0 0.24316098
9742.0 0.24237846
9743.0 0.24159706
9744.0 0.24081676
9745.0 0.24003756
9746.0 0.23925954
9747.0 0.23848276
9748.0 0.2377072
9749.0 0.23693283
9750.0 0.23615964
9751.0 0.23601311
9752.0 0.23586605
9753.0 0.23571841
9754.0 0.23557019
9755.0 0.23542136
9756.0 0.23485251
9757.0 0.2342842
9758.0 0.23371647
9759.0 0.2331493
9760.0 0.23258273
9761.0 0.23268877
9762.0 0.2327929
9763.0 0.23289514
9764.0 0.23299547
9765.0 0.23309387
9766.0 0.23411807
9767.0 0.23513718
9768.0 0.23615119
9769.0 0.2371601
9770.0 0.23816393
9771.0 0.23846796
9772.0 0.23877001
9773.0 0.23907009
9774.0 0.2393682
9775.0 0.23966433
9776.0 0.23879245
9777.0 0.23792206
9778.0 0.23705311
9779.0 0.23618561
9780.0 0.23531951
9781.0 0.23468126
9782.0 0.23404355
9783.0 0.23340638
9784.0 0.2327697
9785.0 0.23213351
9786.0 0.23169723
9787.0 0.23126082
9788.0 0.23082429
9789.0 0.2303877
9790.0 0.2299511
9791.0 0.22934441
9792.0 0.22873843
9793.0 0.22813319
9794.0 0.22752872
9795.0 0.22692509
9796.0 0.22686176
9797.0 0.22679734
9798.0 0.22673184
9799.0 0.22666518
9800.0 0.22659737
9801.0 0.22652034
9802.0 0.22644211
9803.0 0.22636268
9804.0 0.226282
9805.0 0.22620004
9806.0 0.22698335
9807.0 0.22776212
9808.0 0.22853631
9809.0 0.22930594
9810.0 0.23007093
9811.0 0.23004748
9812.0 0.23002239
9813.0 0.22999567
9814.0 0.22996728
9815.0 0.2299372
9816.0 0.22929071
9817.0 0.22864474
9818.0 0.22799936
9819.0 0.22735462
9820.0 0.22671053
9821.0 0.22593078
9822.0 0.22515243
9823.0 0.22437552
9824.0 0.22360007
9825.0 0.22282617
9826.0 0.22233218
9827.0 0.22183861
9828.0 0.22134544
9829.0 0.22085264
9830.0 0.2203602
9831.0 0.22056462
9832.0 0.22076654
9833.0 0.22096598
9834.0 0.2211629
9835.0 0.22135727
9836.0 0.22132236
9837.0 0.22128612
9838.0 0.22124836
9839.0 0.22120889
9840.0 0.22116752
9841.0 0.22055742
9842.0 0.21994731
9843.0 0.21933703
9844.0 0.2187265
9845.0 0.2181156
9846.0 0.21745972
9847.0 0.21680366
9848.0 0.21614735
9849.0 0.21549076
9850.0 0.21483389
9851.0 0.21462809
9852.0 0.2144202
9853.0 0.21421024
9854.0 0.21399827
9855.0 0.21378437
9856.0 0.21369964
9857.0 0.21361236
9858.0 0.21352266
9859.0 0.21343066
9860.0 0.21333648
9861.0 0.21299595
9862.0 0.21265493
9863.0 0.21231365
9864.0 0.21197225
9865.0 0.21163096
9866.0 0.21111876
9867.0 0.21060705
9868.0 0.21009585
9869.0 0.20958517
9870.0 0.20907505
9871.0 0.20862462
9872.0 0.20817451
9873.0 0.20772474
9874.0 0.20727532
9875.0 0.20682627
9876.0 0.20654573
9877.0 0.20626496
9878.0 0.20598389
9879.0 0.20570251
9880.0 0.20542076
9881.0 0.20519191
9882.0 0.20496239
9883.0 0.20473213
9884.0 0.2045011
9885.0 0.20426928
9886.0 0.20387134
9887.0 0.20347306
9888.0 0.20307456
9889.0 0.20267591
9890.0 0.2022772
9891.0 0.20181608
9892.0 0.20135535
9893.0 0.20089506
9894.0 0.20043527
9895.0 0.19997606
9896.0 0.19947708
9897.0 0.19897893
9898.0 0.19848165
9899.0 0.19798529
9900.0 0.19748984
9901.0 0.19718584
9902.0 0.19688226
9903.0 0.19657911
9904.0 0.19627641
9905.0 0.19597414
9906.0 0.19571194
9907.0 0.1954499
9908.0 0.19518797
9909.0 0.19492608
9910.0 0.19466417
9911.0 0.19434384
9912.0 0.19402352
9913.0 0.19370313
9914.0 0.19338258
9915.0 0.19306174
9916.0 0.19277951
9917.0 0.19249707
9918.0 0.19221444
9919.0 0.19193164
9920.0 0.1916486
9921.0 0.19127159
9922.0 0.1908947
9923.0 0.19051793
9924.0 0.19014129
9925.0 0.18976478
9926.0 0.18938841
9927.0 0.18901215
9928.0 0.18863605
9929.0 0.18826006
9930.0 0.1878842
9931.0 0.1876418
9932.0 0.18739927
9933.0 0.18715662
9934.0 0.18691385
9935.0 0.18667096
9936.0 0.18646532
9937.0 0.18625927
9938.0 0.18605287
9939.0 0.18584624
9940.0 0.18563946
9941.0 0.18531042
9942.0 0.18498158
9943.0 0.184653
9944.0 0.18432471
9945.0 0.1839968
9946.0 0.18366936
9947.0 0.18334238
9948.0 0.1830159
9949.0 0.18268986
9950.0 0.1823643
9951.0 0.18203759
9952.0 0.1817113
9953.0 0.18138541
9954.0 0.18105987
9955.0 0.18073463
9956.0 0.18040967
9957.0 0.18008491
9958.0 0.17976034
9959.0 0.17943585
9960.0 0.1791114
9961.0 0.17882404
9962.0 0.17853664
9963.0 0.1782491
9964.0 0.17796138
9965.0 0.17767335
9966.0 0.17738487
9967.0 0.17709625
9968.0 0.17680754
9969.0 0.17651877
9970.0 0.17622998
9971.0 0.17589553
9972.0 0.17556109
9973.0 0.17522669
9974.0 0.17489238
9975.0 0.17455818
9976.0 0.17422418
9977.0 0.17389034
9978.0 0.1735566
9979.0 0.17322294
9980.0 0.17288937
9981.0 0.17256159
9982.0 0.17223383
9983.0 0.17190607
9984.0 0.1715783
9985.0 0.17125048
9986.0 0.17092283
9987.0 0.17059524
9988.0 0.17026763
9989.0 0.1699399
9990.0 0.169612
9991.0 0.16927025
9992.0 0.16892824
9993.0 0.1685859
9994.0 0.16824317
9995.0 0.16790003
9996.0 0.1675564
9997.0 0.16721238
9998.0 0.16686794
9999.0 0.16652308
10000.0 0.16617782
10001.0 0.16582508
10002.0 0.16547175
10003.0 0.16511784
10004.0 0.16476342
10005.0 0.1644085
10006.0 0.16398703
10007.0 0.16356537
10008.0 0.16314359
10009.0 0.16272171
10010.0 0.1622998
10011.0 0.16189726
10012.0 0.16149493
10013.0 0.16109283
10014.0 0.16069107
10015.0 0.16028967
10016.0 0.15988874
10017.0 0.15948805
10018.0 0.15908761
10019.0 0.15868743
10020.0 0.1582875
10021.0 0.15792137
10022.0 0.1575551
10023.0 0.15718867
10024.0 0.15682209
10025.0 0.15645532
10026.0 0.15615161
10027.0 0.1558474
10028.0 0.15554272
10029.0 0.15523754
10030.0 0.1549319
10031.0 0.1545282
10032.0 0.15412453
10033.0 0.15372087
10034.0 0.15331724
10035.0 0.15291364
10036.0 0.15251026
10037.0 0.15210702
10038.0 0.15170386
10039.0 0.15130073
10040.0 0.15089756
10041.0 0.15050289
10042.0 0.15010807
10043.0 0.14971302
10044.0 0.14931776
10045.0 0.14892223
10046.0 0.14852647
10047.0 0.14813045
10048.0 0.14773412
10049.0 0.14733748
10050.0 0.14694048
10051.0 0.14647731
10052.0 0.14601383
10053.0 0.14555001
10054.0 0.14508589
10055.0 0.14462145
10056.0 0.14415666
10057.0 0.14369157
10058.0 0.1432262
10059.0 0.14276063
10060.0 0.1422949
10061.0 0.14190027
10062.0 0.14150551
10063.0 0.14111069
10064.0 0.14071588
10065.0 0.14032114
10066.0 0.13995479
10067.0 0.13958827
10068.0 0.13922161
10069.0 0.1388548
10070.0 0.13848786
10071.0 0.13801482
10072.0 0.137542
10073.0 0.13706936
10074.0 0.13659695
10075.0 0.13612476
10076.0 0.13568026
10077.0 0.13523579
10078.0 0.13479133
10079.0 0.13434686
10080.0 0.13390233
10081.0 0.13346326
10082.0 0.13302441
10083.0 0.13258576
10084.0 0.13214727
10085.0 0.13170892
10086.0 0.13127024
10087.0 0.13083147
10088.0 0.13039272
10089.0 0.12995411
10090.0 0.12951581
10091.0 0.1290786
10092.0 0.12864189
10093.0 0.12820573
10094.0 0.12777025
10095.0 0.12733547
10096.0 0.1269529
10097.0 0.12657088
10098.0 0.1261894
10099.0 0.12580846
10100.0 0.12542811
10101.0 0.12510124
10102.0 0.124774605
10103.0 0.1244482
10104.0 0.124121994
10105.0 0.12379596
10106.0 0.12344514
10107.0 0.123094484
10108.0 0.12274393
10109.0 0.12239338
10110.0 0.122042745
10111.0 0.12164273
10112.0 0.12124274
10113.0 0.12084267
10114.0 0.1204424
10115.0 0.1200418
10116.0 0.119616576
10117.0 0.11919142
10118.0 0.11876637
10119.0 0.118341446
10120.0 0.11791667
10121.0 0.11752167
10122.0 0.117126666
10123.0 0.11673169
10124.0 0.11633675
10125.0 0.11594188
10126.0 0.11557047
10127.0 0.11519897
10128.0 0.11482739
10129.0 0.11445569
10130.0 0.11408387
10131.0 0.113752484
10132.0 0.11342108
10133.0 0.11308964
10134.0 0.11275816
10135.0 0.11242663
10136.0 0.11209517
10137.0 0.11176372
10138.0 0.111432225
10139.0 0.11110063
10140.0 0.110768884
10141.0 0.110423334
10142.0 0.11007762
10143.0 0.10973172
10144.0 0.10938559
10145.0 0.1090392
10146.0 0.108692534
10147.0 0.10834561
10148.0 0.10799845
10149.0 0.10765105
10150.0 0.1073034
10151.0 0.10697013
10152.0 0.10663657
10153.0 0.106302716
10154.0 0.1059686
10155.0 0.10563426
10156.0 0.10529971
10157.0 0.10496494
10158.0 0.10462997
10159.0 0.10429482
10160.0 0.10395952
10161.0 0.10361567
10162.0 0.10327179
10163.0 0.102927916
10164.0 0.102584094
10165.0 0.10224036
10166.0 0.101896755
10167.0 0.10155316
10168.0 0.101209566
10169.0 0.100865975
10170.0 0.1005224
10171.0 0.10017326
10172.0 0.09982416
10173.0 0.0994751
10174.0 0.09912609
10175.0 0.09877713
10176.0 0.098428205
10177.0 0.098079324
10178.0 0.09773049
10179.0 0.0973817
10180.0 0.09703295
10181.0 0.09674967
10182.0 0.096466385
10183.0 0.09618308
10184.0 0.09589976
10185.0 0.09561642
10186.0 0.09531386
10187.0 0.0950114
10188.0 0.09470903
10189.0 0.09440677
10190.0 0.09410461
10191.0 0.093827985
10192.0 0.09355131
10193.0 0.09327458
10194.0 0.0929978
10195.0 0.092720956
10196.0 0.09246273
10197.0 0.09220434
10198.0 0.09194578
10199.0 0.09168706
10200.0 0.091428176
10201.0 0.0910807
10202.0 0.09073326
10203.0 0.090385854
10204.0 0.09003848
10205.0 0.08969115
10206.0 0.08934384
10207.0 0.088996574
10208.0 0.08864934
10209.0 0.08830214
10210.0 0.087954976
10211.0 0.087674476
10212.0 0.08739394
10213.0 0.087113366
10214.0 0.08683276
10215.0 0.08655213
10216.0 0.08627146
10217.0 0.08599076
10218.0 0.08571002
10219.0 0.08542925
10220.0 0.085148446
10221.0 0.084806986
10222.0 0.08446551
10223.0 0.08412403
10224.0 0.08378253
10225.0 0.08344103
10226.0 0.08308275
10227.0 0.0827246
10228.0 0.082366586
10229.0 0.08200869
10230.0 0.08165092
10231.0 0.08136629
10232.0 0.081081666
10233.0 0.08079703
10234.0 0.08051239
10235.0 0.08022775
10236.0 0.07992706
10237.0 0.07962654
10238.0 0.07932616
10239.0 0.07902589
10240.0 0.078725696
10241.0 0.07840566
10242.0 0.07808537
10243.0 0.07776479
10244.0 0.077443905
10245.0 0.0771227
10246.0 0.07680121
10247.0 0.0764794
10248.0 0.07615725
10249.0 0.07583476
10250.0 0.0755119
10251.0 0.07521886
10252.0 0.07492567
10253.0 0.074632354
10254.0 0.074338906
10255.0 0.07404532
10256.0 0.0737516
10257.0 0.07345774
10258.0 0.073163785
10259.0 0.072869755
10260.0 0.07257567
10261.0 0.07222723
10262.0 0.0718788
10263.0 0.07153039
10264.0 0.07118205
10265.0 0.07083381
10266.0 0.07048571
10267.0 0.07013768
10268.0 0.06978971
10269.0 0.06944181
10270.0 0.06909399
10271.0 0.06881397
10272.0 0.06853396
10273.0 0.068253934
10274.0 0.06797393
10275.0 0.067693934
10276.0 0.06741399
10277.0 0.06713405
10278.0 0.06685411
10279.0 0.06657414
10280.0 0.06629414
10281.0 0.066004775
10282.0 0.06571542
10283.0 0.065426074
10284.0 0.065136716
10285.0 0.06484734
10286.0 0.064557716
10287.0 0.06426795
10288.0 0.063978106
10289.0 0.063688256
10290.0 0.06339846
10291.0 0.0630538
10292.0 0.06270929
10293.0 0.062364943
10294.0 0.06202082
10295.0 0.061676938
10296.0 0.061345726
10297.0 0.061014682
10298.0 0.06068382
10299.0 0.06035314
10300.0 0.06002265
10301.0 0.05973809
10302.0 0.05945384
10303.0 0.05916989
10304.0 0.058886223
10305.0 0.05860282
10306.0 0.05831967
10307.0 0.058036704
10308.0 0.0577539
10309.0 0.057471205
10310.0 0.05718858
10311.0 0.05690342
10312.0 0.056618255
10313.0 0.056333046
10314.0 0.05604773
10315.0 0.055762254
10316.0 0.055476535
10317.0 0.055190764
10318.0 0.05490496
10319.0 0.054619133
10320.0 0.054333292
10321.0 0.054051474
10322.0 0.053769622
10323.0 0.053487748
10324.0 0.05320586
10325.0 0.052923974
10326.0 0.052642114
10327.0 0.052360263
10328.0 0.052078404
10329.0 0.051796533
10330.0 0.05151465
10331.0 0.051235944
10332.0 0.050957173
10333.0 0.050678335
10334.0 0.050399423
10335.0 0.050120432
10336.0 0.04984142
10337.0 0.049562357
10338.0 0.049283218
10339.0 0.04900398
10340.0 0.04872462
10341.0 0.04849469
10342.0 0.048264686
10343.0 0.048034597
10344.0 0.047804408
10345.0 0.047574103
10346.0 0.04734368
10347.0 0.047113143
10348.0 0.046882503
10349.0 0.04665176
10350.0 0.04642091
10351.0 0.046203323
10352.0 0.045985512
10353.0 0.045767494
10354.0 0.045549277
10355.0 0.04533087
10356.0 0.04511229
10357.0 0.044893526
10358.0 0.04467459
10359.0 0.04445549
10360.0 0.04423624
10361.0 0.04400015
10362.0 0.043764107
10363.0 0.043528136
10364.0 0.043292243
10365.0 0.043056455
10366.0 0.04282078
10367.0 0.04258517
10368.0 0.04234963
10369.0 0.042114154
10370.0 0.04187874
10371.0 0.041652273
10372.0 0.041425776
10373.0 0.041199245
10374.0 0.04097268
10375.0 0.04074608
10376.0 0.040519454
10377.0 0.04029279
10378.0 0.040066093
10379.0 0.03983936
10380.0 0.0396126
10381.0 0.03944172
10382.0 0.039270826
10383.0 0.03909992
10384.0 0.038929004
10385.0 0.038758077
10386.0 0.038587134
10387.0 0.038416184
10388.0 0.03824522
10389.0 0.038074244
10390.0 0.037903257
10391.0 0.037727926
10392.0 0.037552625
10393.0 0.03737735
10394.0 0.037202105
10395.0 0.037026886
10396.0 0.036851693
10397.0 0.03667653
10398.0 0.036501396
10399.0 0.03632629
10400.0 0.036151208
10401.0 0.03598225
10402.0 0.03581326
10403.0 0.035644244
10404.0 0.035475194
10405.0 0.035306115
10406.0 0.035137005
10407.0 0.034967866
10408.0 0.034798697
10409.0 0.034629498
10410.0 0.034460265
10411.0 0.034348853
10412.0 0.03423742
10413.0 0.03412596
10414.0 0.03401448
10415.0 0.033902973
10416.0 0.033791445
10417.0 0.033679895
10418.0 0.033568323
10419.0 0.033456724
10420.0 0.033345103
10421.0 0.033173613
10422.0 0.033002112
10423.0 0.032830603
10424.0 0.03265908
10425.0 0.03248755
10426.0 0.032316007
10427.0 0.032144457
10428.0 0.031972893
10429.0 0.03180132
10430.0 0.03162974
10431.0 0.031515043
10432.0 0.031400345
10433.0 0.031285647
10434.0 0.031170942
10435.0 0.031056238
10436.0 0.030941568
10437.0 0.03082692
10438.0 0.030712282
10439.0 0.03059764
10440.0 0.030482985
10441.0 0.030367432
10442.0 0.030251855
10443.0 0.030136244
10444.0 0.030020596
10445.0 0.029904902
10446.0 0.029783173
10447.0 0.029661443
10448.0 0.02953971
10449.0 0.029417967
10450.0 0.029296212
10451.0 0.029185044
10452.0 0.029073775
10453.0 0.028962404
10454.0 0.028850932
10455.0 0.028739361
10456.0 0.02862768
10457.0 0.028515903
10458.0 0.028404035
10459.0 0.028292088
10460.0 0.02818007
10461.0 0.028119331
10462.0 0.028058583
10463.0 0.02799784
10464.0 0.027937116
10465.0 0.027876426
10466.0 0.027815782
10467.0 0.027755154
10468.0 0.027694546
10469.0 0.02763396
10470.0 0.027573397
10471.0 0.027461067
10472.0 0.027348733
10473.0 0.027236395
10474.0 0.027124058
10475.0 0.027011724
10476.0 0.026899407
10477.0 0.026787087
10478.0 0.026674762
10479.0 0.026562426
10480.0 0.026450071
10481.0 0.026336875
10482.0 0.026223654
10483.0 0.026110409
10484.0 0.025997132
10485.0 0.025883818
10486.0 0.025765223
10487.0 0.025646618
10488.0 0.025528012
10489.0 0.02540942
10490.0 0.025290852
10491.0 0.02523259
10492.0 0.025174346
10493.0 0.025116127
10494.0 0.025057944
10495.0 0.024999801
10496.0 0.024941707
10497.0 0.024883667
10498.0 0.024825687
10499.0 0.024767768
10500.0 0.024709916
10501.0 0.024596184
10502.0 0.024482511
10503.0 0.024368895
10504.0 0.024255337
10505.0 0.024141835
10506.0 0.024028387
10507.0 0.023914978
10508.0 0.023801599
10509.0 0.023688242
10510.0 0.0235749
10511.0 0.023518056
10512.0 0.02346122
10513.0 0.02340438
10514.0 0.023347525
10515.0 0.023290643
10516.0 0.023233717
10517.0 0.023176791
10518.0 0.023119861
10519.0 0.023062928
10520.0 0.023005992
10521.0 0.022887869
10522.0 0.022769775
10523.0 0.022651713
10524.0 0.022533683
10525.0 0.022415683
10526.0 0.022302218
10527.0 0.022188738
10528.0 0.022075241
10529.0 0.021961732
10530.0 0.021848205
10531.0 0.021790788
10532.0 0.021733368
10533.0 0.021675948
10534.0 0.021618526
10535.0 0.021561105
10536.0 0.021503683
10537.0 0.021446262
10538.0 0.021388838
10539.0 0.021331415
10540.0 0.021273991
10541.0 0.02121385
10542.0 0.021153724
10543.0 0.02109361
10544.0 0.02103351
10545.0 0.020973425
10546.0 0.020917583
10547.0 0.020861732
10548.0 0.020805871
10549.0 0.020750001
10550.0 0.020694122
10551.0 0.020578843
10552.0 0.020463567
10553.0 0.020348294
10554.0 0.020233024
10555.0 0.020117756
10556.0 0.019998448
10557.0 0.01987919
10558.0 0.019759981
10559.0 0.019640822
10560.0 0.019521711
10561.0 0.019464482
10562.0 0.01940725
10563.0 0.019350018
10564.0 0.019292785
10565.0 0.01923555
10566.0 0.019174432
10567.0 0.019113336
10568.0 0.019052261
10569.0 0.01899121
10570.0 0.01893018
10571.0 0.018875428
10572.0 0.01882066
10573.0 0.018765876
10574.0 0.018711077
10575.0 0.018656261
10576.0 0.018597662
10577.0 0.01853907
10578.0 0.018480482
10579.0 0.018421901
10580.0 0.018363329
10581.0 0.018306533
10582.0 0.018249733
10583.0 0.01819293
10584.0 0.018136125
10585.0 0.018079314
10586.0 0.0180225
10587.0 0.017965682
10588.0 0.01790886
10589.0 0.017852036
10590.0 0.017795207
10591.0 0.01773694
10592.0 0.017678678
10593.0 0.01762042
10594.0 0.017562168
10595.0 0.01750392
10596.0 0.017449219
10597.0 0.0173945
10598.0 0.017339764
10599.0 0.017285012
10600.0 0.01723024
10601.0 0.01717329
10602.0 0.017116336
10603.0 0.017059378
10604.0 0.017002419
10605.0 0.016945455
10606.0 0.016885059
10607.0 0.016824681
10608.0 0.016764326
10609.0 0.01670399
10610.0 0.016643671
10611.0 0.016586754
10612.0 0.016529834
10613.0 0.01647291
10614.0 0.016415983
10615.0 0.016359052
10616.0 0.016302118
10617.0 0.01624518
10618.0 0.01618824
10619.0 0.016131297
10620.0 0.01607435
10621.0 0.01601485
10622.0 0.015955364
10623.0 0.015895892
10624.0 0.015836436
10625.0 0.015776994
10626.0 0.015720764
10627.0 0.015664527
10628.0 0.015608282
10629.0 0.015552027
10630.0 0.015495765
10631.0 0.015439896
10632.0 0.015384015
10633.0 0.015328122
10634.0 0.015272219
10635.0 0.015216304
10636.0 0.0151572935
10637.0 0.015098294
10638.0 0.015039307
10639.0 0.014980331
10640.0 0.014921367
10641.0 0.014864412
10642.0 0.014807453
10643.0 0.014750491
10644.0 0.014693527
10645.0 0.014636558
10646.0 0.014579586
10647.0 0.01452261
10648.0 0.014465632
10649.0 0.01440865
10650.0 0.014351664
10651.0 0.014294964
10652.0 0.014238259
10653.0 0.014181549
10654.0 0.014124831
10655.0 0.014068109
10656.0 0.014011381
10657.0 0.013954648
10658.0 0.013897908
10659.0 0.013841163
10660.0 0.013784412
10661.0 0.013727965
10662.0 0.01367151
10663.0 0.013615046
10664.0 0.013558574
10665.0 0.013502094
10666.0 0.0134456055
10667.0 0.013389109
10668.0 0.013332604
10669.0 0.013276091
10670.0 0.01321957
10671.0 0.01322073
10672.0 0.013221891
10673.0 0.013223052
10674.0 0.013224212
10675.0 0.013225374
10676.0 0.013226534
10677.0 0.013227696
10678.0 0.013228857
10679.0 0.013230017
10680.0 0.013231179
10681.0 0.013176767
10682.0 0.013122329
10683.0 0.013067863
10684.0 0.01301337
10685.0 0.012958851
10686.0 0.012904304
10687.0 0.01284973
10688.0 0.01279513
10689.0 0.012740501
10690.0 0.012685847
10691.0 0.012629665
10692.0 0.01257347
10693.0 0.012517262
10694.0 0.012461041
10695.0 0.012404806
10696.0 0.012351068
10697.0 0.012297292
10698.0 0.012243481
10699.0 0.012189634
10700.0 0.012135751
10701.0 0.012113847
10702.0 0.012091937
10703.0 0.01207002
10704.0 0.012048095
10705.0 0.012026165
10706.0 0.012004226
10707.0 0.011982281
10708.0 0.011960329
10709.0 0.01193837
10710.0 0.011916404
10711.0 0.011836727
10712.0 0.011757267
10713.0 0.011678024
10714.0 0.011598999
10715.0 0.011520191
10716.0 0.0114416005
10717.0 0.011363844
10718.0 0.0112863
10719.0 0.011208355
10720.0 0.011130628
10721.0 0.011053076
10722.0 0.010975742
10723.0 0.010898626
10724.0 0.010821728
10725.0 0.010745049
10726.0 0.0106707495
10727.0 0.010596638
10728.0 0.010522713
10729.0 0.010448976
10730.0 0.010375427
10731.0 0.010302943
10732.0 0.010230635
10733.0 0.0101585025
10734.0 0.010086547
10735.0 0.010004045
10736.0 0.009919823
10737.0 0.00982587
10738.0 0.009732344
10739.0 0.009638693
10740.0 0.009545475
10741.0 0.009498382
10742.0 0.00945134
10743.0 0.009404898
10744.0 0.009358506
10745.0 0.009311617
10746.0 0.009272301
10747.0 0.009232968
10748.0 0.009193621
10749.0 0.009154805
10750.0 0.0091159735
10751.0 0.009030021
10752.0 0.008944413
10753.0 0.008859149
10754.0 0.008774232
10755.0 0.008690196
10756.0 0.008603028
10757.0 0.0085157445
10758.0 0.008428883
10759.0 0.008342441
10760.0 0.008256421
10761.0 0.008219736
10762.0 0.008183034
10763.0 0.008145795
10764.0 0.0081085395
10765.0 0.008071267
10766.0 0.0080291135
10767.0 0.007987509
10768.0 0.0079459315
10769.0 0.007903863
10770.0 0.007861823
10771.0 0.007772153
10772.0 0.0076830476
10773.0 0.0075939978
10774.0 0.007505518
10775.0 0.0074176076
10776.0 0.007337712
10777.0 0.0072587132
10778.0 0.007180109
10779.0 0.0071014096
10780.0 0.0070231115
10781.0 0.0069473824
10782.0 0.0068720067
10783.0 0.006797465
10784.0 0.0067232735
10785.0 0.006648958
10786.0 0.006572353
10787.0 0.0064961733
10788.0 0.006420417
10789.0 0.006345544
10790.0 0.006271084
10791.0 0.006237745
10792.0 0.0062043876
10793.0 0.00617101
10794.0 0.006137612
10795.0 0.006104651
10796.0 0.0060667656
10797.0 0.0060284506
10798.0 0.0059901653
10799.0 0.00595191
10800.0 0.005913684
10801.0 0.005836873
10802.0 0.0057605933
10803.0 0.0056843967
10804.0 0.0056087384
10805.0 0.005533618
10806.0 0.0054634796
10807.0 0.0053942027
10808.0 0.005325346
10809.0 0.00525648
10810.0 0.0051880428
10811.0 0.00511927
10812.0 0.005050955
10813.0 0.0049826796
10814.0 0.004914871
10815.0 0.00484753
10816.0 0.0047835675
10817.0 0.004720393
10818.0 0.004657595
10819.0 0.0045947745
10820.0 0.004532339
10821.0 0.004504778
10822.0 0.004477185
10823.0 0.00444996
10824.0 0.0044227047
10825.0 0.004395021
10826.0 0.004362019
10827.0 0.0043290597
10828.0 0.004296144
10829.0 0.0042636693
10830.0 0.004231237
10831.0 0.0041655875
10832.0 0.004100503
10833.0 0.0040359814
10834.0 0.0039720223
10835.0 0.003909005
10836.0 0.0038520223
10837.0 0.0037950438
10838.0 0.0037384522
10839.0 0.0036822497
10840.0 0.0036264386
10841.0 0.0036014647
10842.0 0.003576461
10843.0 0.0035510622
10844.0 0.003525635
10845.0 0.0035001799
10846.0 0.0034718853
10847.0 0.0034439769
10848.0 0.003416088
10849.0 0.003387852
10850.0 0.003359637
10851.0 0.00330131
10852.0 0.003243551
10853.0 0.0031867153
10854.0 0.0031304383
10855.0 0.0030743678
10856.0 0.0030151661
10857.0 0.002956992
10858.0 0.002899491
10859.0 0.0028423248
10860.0 0.0027858317
10861.0 0.0027348453
10862.0 0.0026843497
10863.0 0.002634665
10864.0 0.0025854611
10865.0 0.002536421
10866.0 0.002494029
10867.0 0.0024518913
10868.0 0.0024100102
10869.0 0.0023686949
10870.0 0.0023276373
10871.0 0.0023092444
10872.0 0.0022907658
10873.0 0.0022722012
10874.0 0.002253551
10875.0 0.002235121
10876.0 0.0022139193
10877.0 0.002192381
10878.0 0.002170812
10879.0 0.002149213
10880.0 0.0021275836
10881.0 0.002082667
10882.0 0.0020382518
10883.0 0.00199404
10884.0 0.0019503345
10885.0 0.0019071347
10886.0 0.001863307
10887.0 0.0018203179
10888.0 0.0017778747
10889.0 0.001735698
10890.0 0.0016940708
10891.0 0.0016539234
10892.0 0.0016142789
10893.0 0.0015754013
10894.0 0.0015370186
10895.0 0.001498872
10896.0 0.0014615237
10897.0 0.0014246595
10898.0 0.001388279
10899.0 0.0013526273
10900.0 0.0013174519
10901.0 0.0012983858
10902.0 0.0012793442
10903.0 0.0012605692
10904.0 0.0012418182
10905.0 0.0012228496
10906.0 0.0012066263
10907.0 0.0011903452
10908.0 0.0011740063
10909.0 0.001157853
10910.0 0.0011416427
10911.0 0.0011104788
10912.0 0.0010797054
10913.0 0.001049324
10914.0 0.0010193359
10915.0 0.0009899724
10916.0 0.0009576923
10917.0 0.0009257849
10918.0 0.0008944766
10919.0 0.0008637641
10920.0 0.0008336441
10921.0 0.0008044296
10922.0 0.0007757869
10923.0 0.0007475117
10924.0 0.000719809
10925.0 0.0006926758
10926.0 0.000668325
10927.0 0.0006445629
10928.0 0.0006211964
10929.0 0.0005980436
10930.0 0.0005752947
10931.0 0.0005536104
10932.0 0.0005322795
10933.0 0.0005114771
10934.0 0.0004910286
10935.0 0.0004707697
10936.0 0.0004499564
10937.0 0.0004295942
10938.0 0.0004096832
10939.0 0.0003903786
10940.0 0.0003715195
10941.0 0.0003522584
10942.0 0.0003335211
10943.0 0.0003154469
10944.0 0.0002978849
10945.0 0.0002806968
10946.0 0.000264513
10947.0 0.0002487819
10948.0 0.0002335033
10949.0 0.0002188006
10950.0 0.0002045445
10951.0 0.0001999409
10952.0 0.0001953384
10953.0 0.0001907372
10954.0 0.0001861372
10955.0 0.0001815383
10956.0 0.0001767945
10957.0 0.0001721796
10958.0 0.0001675732
10959.0 0.0001628554
10960.0 0.0001581462
10961.0 0.0001500047
10962.0 0.0001420635
10963.0 0.0001344351
10964.0 0.0001270035
10965.0 0.0001196643
10966.0 0.0001125068
10967.0 0.0001055581
10968.0 9.88193e-05
10969.0 9.22915e-05
10970.0 8.59755e-05
10971.0 7.96863e-05
10972.0 7.36458e-05
10973.0 6.77709e-05
10974.0 6.21484e-05
10975.0 5.67769e-05
10976.0 5.16869e-05
10977.0 4.69083e-05
10978.0 4.23647e-05
10979.0 3.79924e-05
10980.0 3.38595e-05
10981.0 2.99936e-05
10982.0 2.63582e-05
10983.0 2.29531e-05
10984.0 1.9778e-05
10985.0 1.90424e-05
10986.0 1.72425e-05
10987.0 1.47056e-05
10988.0 1.18446e-05
10989.0 8.9812e-06
10990.0 6.3648e-06
10991.0 4.1879e-06
10992.0 2.4843e-06
10993.0 1.2436e-06
10994.0 4.436e-07
10995.0 1.49e-07
10996.0 0.0