3054.0 0.0
3055.0 1.0044e-06
3056.0 2.0275e-06
3057.0 4.1478e-06
3058.0 6.3029e-06
3059.0 8.4328e-06
3060.0 1.05919e-05
3061.0 1.28116e-05
3062.0 1.50662e-05
3063.0 1.74127e-05
3064.0 1.97896e-05
3065.0 2.21332e-05
3066.0 2.48131e-05
3067.0 2.76261e-05
3068.0 3.05068e-05
3069.0 3.33849e-05
3070.0 3.63189e-05
3071.0 3.94018e-05
3072.0 4.2542e-05
3073.0 4.58044e-05
3074.0 4.91162e-05
3075.0 5.24002e-05
3076.0 5.51885e-05
3077.0 5.80447e-05
3078.0 6.08934e-05
3079.0 6.36585e-05
3080.0 6.64091e-05
3081.0 6.90091e-05
3082.0 7.15813e-05
3083.0 7.41955e-05
3084.0 7.67758e-05
3085.0 7.92466e-05
3086.0 8.20918e-05
3087.0 8.49816e-05
3088.0 8.78392e-05
3089.0 9.05871e-05
3090.0 9.3294e-05
3091.0 9.6728e-05
3092.0 0.0001001328
3093.0 0.0001035771
3094.0 0.0001069808
3095.0 0.0001102618
3096.0 0.0001131757
3097.0 0.0001161008
3098.0 0.0001189559
3099.0 0.0001216595
3100.0 0.000124282
3101.0 0.0001264062
3102.0 0.0001284508
3103.0 0.0001304871
3104.0 0.0001324361
3105.0 0.0001355477
3106.0 0.0001383798
3107.0 0.0001424687
3108.0 0.0001464068
3109.0 0.0001501875
3110.0 0.0001538046
3111.0 0.0001583146
3112.0 0.0001627197
3113.0 0.0001670138
3114.0 0.0001711906
3115.0 0.0001751751
3116.0 0.0001800038
3117.0 0.0001847849
3118.0 0.0001894405
3119.0 0.0001939612
3120.0 0.0001983379
3121.0 0.000203244
3122.0 0.00020803
3123.0 0.0002126871
3124.0 0.0002172066
3125.0 0.0002215123
3126.0 0.0002242017
3127.0 0.0002267858
3128.0 0.0002291919
3129.0 0.0002314148
3130.0 0.0002334494
3131.0 0.0002369523
3132.0 0.0002403898
3133.0 0.0002437609
3134.0 0.0002470646
3135.0 0.0002502371
3136.0 0.0002551291
3137.0 0.0002600446
3138.0 0.0002649177
3139.0 0.000269745
3140.0 0.0002745231
3141.0 0.000283514
3142.0 0.0002926466
3143.0 0.0003019203
3144.0 0.0003113347
3145.0 0.0003208213
3146.0 0.0003281648
3147.0 0.0003356467
3148.0 0.0003431989
3149.0 0.0003508208
3150.0 0.0003585122
3151.0 0.0003693981
3152.0 0.000380473
3153.0 0.0003917376
3154.0 0.0004031931
3155.0 0.0004147644
3156.0 0.000428733
3157.0 0.0004430864
3158.0 0.0004577524
3159.0 0.0004727348
3160.0 0.0004880376
3161.0 0.0005156124
3162.0 0.000544123
3163.0 0.000573586
3164.0 0.0006040182
3165.0 0.0006353343
3166.0 0.0006636462
3167.0 0.0006927713
3168.0 0.0007226153
3169.0 0.0007531865
3170.0 0.0007844931
3171.0 0.0008206126
3172.0 0.0008574416
3173.0 0.0008949838
3174.0 0.0009332428
3175.0 0.0009720815
3176.0 0.0010169013
3177.0 0.0010629958
3178.0 0.0011102376
3179.0 0.0011586401
3180.0 0.0012082169
3181.0 0.001278558
3182.0 0.0013511617
3183.0 0.0014260625
3184.0 0.0015032955
3185.0 0.001582688
3186.0 0.0016585821
3187.0 0.0017366573
3188.0 0.0018167323
3189.0 0.001898833
3190.0 0.0019829853
3191.0 0.002064395
3192.0 0.0021469265
3193.0 0.0022305802
3194.0 0.0023153569
3195.0 0.0024009696
3196.0 0.0024919969
3197.0 0.0025847503
3198.0 0.00267895
3199.0 0.002774604
3200.0 0.0028717183
3201.0 0.0030094476
3202.0 0.0031508103
3203.0 0.0032958544
3204.0 0.0034446279
3205.0 0.0035967834
3206.0 0.0037588675
3207.0 0.003925632
3208.0 0.0040967367
3209.0 0.0042722365
3210.0 0.0044521866
3211.0 0.004619259
3212.0 0.0047893655
3213.0 0.0049625286
3214.0 0.0051387697
3215.0 0.0053175683
3216.0 0.0054628085
3217.0 0.005609503
3218.0 0.0057570934
3219.0 0.0059055635
3220.0 0.0060548964
3221.0 0.006229057
3222.0 0.006405018
3223.0 0.006582777
3224.0 0.006762333
3225.0 0.0069430275
3226.0 0.0071855574
3227.0 0.0074337856
3228.0 0.0076871086
3229.0 0.0079455795
3230.0 0.008209254
3231.0 0.008525706
3232.0 0.008849759
3233.0 0.009181506
3234.0 0.00952104
3235.0 0.009867581
3236.0 0.010158844
3237.0 0.010455925
3238.0 0.010757986
3239.0 0.011065067
3240.0 0.011377201
3241.0 0.011627894
3242.0 0.011880277
3243.0 0.01213433
3244.0 0.012390035
3245.0 0.0126463175
3246.0 0.012898021
3247.0 0.013152097
3248.0 0.013407471
3249.0 0.01366412
3250.0 0.0139220245
3251.0 0.014277873
3252.0 0.014638786
3253.0 0.015004801
3254.0 0.015375951
3255.0 0.015751038
3256.0 0.016200028
3257.0 0.016658332
3258.0 0.017124793
3259.0 0.017599486
3260.0 0.018082496
3261.0 0.018563315
3262.0 0.019052126
3263.0 0.019549008
3264.0 0.020054046
3265.0 0.020565799
3266.0 0.020983322
3267.0 0.021406787
3268.0 0.021834685
3269.0 0.022267038
3270.0 0.022703862
3271.0 0.023080086
3272.0 0.023458237
3273.0 0.023838293
3274.0 0.02422024
3275.0 0.02460233
3276.0 0.025008649
3277.0 0.02541934
3278.0 0.025832664
3279.0 0.026248613
3280.0 0.026667183
3281.0 0.027245115
3282.0 0.027831018
3283.0 0.028424948
3284.0 0.029026972
3285.0 0.029635163
3286.0 0.030317806
3287.0 0.03101284
3288.0 0.031718377
3289.0 0.03243452
3290.0 0.03316137
3291.0 0.03378779
3292.0 0.034421775
3293.0 0.035063375
3294.0 0.03571266
3295.0 0.036367357
3296.0 0.036906004
3297.0 0.037451174
3298.0 0.03800056
3299.0 0.038554188
3300.0 0.03911206
3301.0 0.03958482
3302.0 0.040059775
3303.0 0.040536925
3304.0 0.04101625
3305.0 0.041495208
3306.0 0.04202962
3307.0 0.042570118
3308.0 0.043114167
3309.0 0.043661762
3310.0 0.0442129
3311.0 0.04487688
3312.0 0.045547463
3313.0 0.04614836
3314.0 0.0467543
3315.0 0.047343034
3316.0 0.048036393
3317.0 0.048733562
3318.0 0.049437355
3319.0 0.05014781
3320.0 0.050864957
3321.0 0.051475465
3322.0 0.052090764
3323.0 0.052707832
3324.0 0.053329673
3325.0 0.053959414
3326.0 0.054484278
3327.0 0.05500894
3328.0 0.055536516
3329.0 0.056067016
3330.0 0.056600444
3331.0 0.0570032
3332.0 0.057406887
3333.0 0.05780824
3334.0 0.05821048
3335.0 0.058616918
3336.0 0.059095565
3337.0 0.05957272
3338.0 0.060051803
3339.0 0.06053292
3340.0 0.06101618
3341.0 0.061648935
3342.0 0.06228649
3343.0 0.06292546
3344.0 0.063569374
3345.0 0.064221874
3346.0 0.06490535
3347.0 0.06555842
3348.0 0.066216595
3349.0 0.066780865
3350.0 0.06734866
3351.0 0.06782633
3352.0 0.06830671
3353.0 0.06878977
3354.0 0.06927553
3355.0 0.06976395
3356.0 0.07017328
3357.0 0.07058435
3358.0 0.07099711
3359.0 0.071411505
3360.0 0.07182746
3361.0 0.072143294
3362.0 0.072459646
3363.0 0.07277638
3364.0 0.07309338
3365.0 0.0734105
3366.0 0.073727615
3367.0 0.07404514
3368.0 0.074363075
3369.0 0.07468144
3370.0 0.075000234
3371.0 0.07532283
3372.0 0.07564614
3373.0 0.07597016
3374.0 0.07629491
3375.0 0.07662039
3376.0 0.07709568
3377.0 0.07757282
3378.0 0.07805183
3379.0 0.07853269
3380.0 0.079015404
3381.0 0.07945869
3382.0 0.07990349
3383.0 0.080349796
3384.0 0.08079759
3385.0 0.08124688
3386.0 0.08160519
3387.0 0.08196451
3388.0 0.082324795
3389.0 0.082686
3390.0 0.08304807
3391.0 0.08335522
3392.0 0.083662815
3393.0 0.083970815
3394.0 0.08427919
3395.0 0.0845879
3396.0 0.0848332
3397.0 0.08507837
3398.0 0.08532344
3399.0 0.0855684
3400.0 0.08581326
3401.0 0.08603932
3402.0 0.08626531
3403.0 0.08649125
3404.0 0.08671716
3405.0 0.08694306
3406.0 0.0872341
3407.0 0.08752545
3408.0 0.08781712
3409.0 0.08810915
3410.0 0.088401586
3411.0 0.08864805
3412.0 0.0888948
3413.0 0.089141876
3414.0 0.08938933
3415.0 0.08963722
3416.0 0.08988569
3417.0 0.0901345
3418.0 0.090383634
3419.0 0.09063304
3420.0 0.090882696
3421.0 0.09107496
3422.0 0.09126714
3423.0 0.09145921
3424.0 0.09165112
3425.0 0.091842845
3426.0 0.09196715
3427.0 0.092091106
3428.0 0.09221474
3429.0 0.092338055
3430.0 0.09246108
3431.0 0.09254128
3432.0 0.09262114
3433.0 0.092700705
3434.0 0.09277999
3435.0 0.09285899
3436.0 0.09293806
3437.0 0.09301709
3438.0 0.093096
3439.0 0.09317472
3440.0 0.09325318
3441.0 0.09336816
3442.0 0.09348279
3443.0 0.09359704
3444.0 0.09371086
3445.0 0.09382423
3446.0 0.094004974
3447.0 0.09418516
3448.0 0.09436474
3449.0 0.0945437
3450.0 0.094722025
3451.0 0.09485608
3452.0 0.09498944
3453.0 0.0951221
3454.0 0.09525405
3455.0 0.095385306
3456.0 0.095481835
3457.0 0.0955778
3458.0 0.09567324
3459.0 0.09576821
3460.0 0.09586276
3461.0 0.09594867
3462.0 0.09603429
3463.0 0.09611971
3464.0 0.09620502
3465.0 0.09629031
3466.0 0.09637565
3467.0 0.09646072
3468.0 0.09654553
3469.0 0.096630074
3470.0 0.09671436
3471.0 0.09679917
3472.0 0.09688373
3473.0 0.09696803
3474.0 0.097052075
3475.0 0.09713585
3476.0 0.09721936
3477.0 0.09730266
3478.0 0.09738575
3479.0 0.09746863
3480.0 0.09755133
3481.0 0.09764657
3482.0 0.097741716
3483.0 0.09783678
3484.0 0.09793176
3485.0 0.09802667
3486.0 0.09815625
3487.0 0.09828603
3488.0 0.09841587
3489.0 0.0985456
3490.0 0.0986751
3491.0 0.09878253
3492.0 0.098889545
3493.0 0.09899604
3494.0 0.09910192
3495.0 0.0992071
3496.0 0.099311456
3497.0 0.099415
3498.0 0.09951769
3499.0 0.099619515
3500.0 0.09972048
3501.0 0.09976621
3502.0 0.099811
3503.0 0.099854894
3504.0 0.09989791
3505.0 0.0999401
3506.0 0.10001602
3507.0 0.100091256
3508.0 0.10016588
3509.0 0.100239955
3510.0 0.100313574
3511.0 0.100359164
3512.0 0.10040456
3513.0 0.10044988
3514.0 0.100495264
3515.0 0.10054084
3516.0 0.100621216
3517.0 0.10070146
3518.0 0.10078157
3519.0 0.10086155
3520.0 0.1009414
3521.0 0.101069786
3522.0 0.10119806
3523.0 0.101326235
3524.0 0.101454295
3525.0 0.10158224
3526.0 0.1016755
3527.0 0.10176868
3528.0 0.101861775
3529.0 0.10195481
3530.0 0.10204779
3531.0 0.10212054
3532.0 0.102193244
3533.0 0.102265924
3534.0 0.10233859
3535.0 0.10241125
3536.0 0.10244918
3537.0 0.10248699
3538.0 0.102524705
3539.0 0.10256235
3540.0 0.10259998
3541.0 0.10268514
3542.0 0.1027703
3543.0 0.10285549
3544.0 0.10294071
3545.0 0.103025965
3546.0 0.10311126
3547.0 0.10319665
3548.0 0.10328215
3549.0 0.10336777
3550.0 0.10345351
3551.0 0.10352527
3552.0 0.103597164
3553.0 0.103669174
3554.0 0.10374128
3555.0 0.10381349
3556.0 0.103885785
3557.0 0.103958145
3558.0 0.10403055
3559.0 0.10410298
3560.0 0.1041754
3561.0 0.104210876
3562.0 0.10424629
3563.0 0.104281604
3564.0 0.10431677
3565.0 0.10435175
3566.0 0.10442117
3567.0 0.10449049
3568.0 0.104559705
3569.0 0.104628816
3570.0 0.10469782
3571.0 0.10479144
3572.0 0.10488503
3573.0 0.10497857
3574.0 0.10507208
3575.0 0.10516555
3576.0 0.10525899
3577.0 0.10535239
3578.0 0.10544575
3579.0 0.10553907
3580.0 0.10563236
3581.0 0.10570367
3582.0 0.10577487
3583.0 0.10584597
3584.0 0.10591697
3585.0 0.105987854
3586.0 0.10602375
3587.0 0.10605946
3588.0 0.10609502
3589.0 0.10613047
3590.0 0.106165856
3591.0 0.10625494
3592.0 0.1063441
3593.0 0.10643334
3594.0 0.10652269
3595.0 0.106612176
3596.0 0.10670181
3597.0 0.10679162
3598.0 0.1068816
3599.0 0.10697178
3600.0 0.107062146
3601.0 0.107108295
3602.0 0.10715463
3603.0 0.10720114
3604.0 0.10724782
3605.0 0.107294664
3606.0 0.10737644
3607.0 0.10745833
3608.0 0.107540324
3609.0 0.1076224
3610.0 0.10770455
3611.0 0.1078212
3612.0 0.10793794
3613.0 0.10805476
3614.0 0.10817161
3615.0 0.108288474
3616.0 0.10840533
3617.0 0.10852232
3618.0 0.10863943
3619.0 0.10875664
3620.0 0.10887394
3621.0 0.10894993
3622.0 0.109025955
3623.0 0.10910201
3624.0 0.10917809
3625.0 0.10925418
3626.0 0.109365314
3627.0 0.109476425
3628.0 0.109587535
3629.0 0.10969863
3630.0 0.10980972
3631.0 0.10992144
3632.0 0.11003316
3633.0 0.110144876
3634.0 0.11025658
3635.0 0.110368274
3636.0 0.11044477
3637.0 0.11052131
3638.0 0.110597886
3639.0 0.11067449
3640.0 0.11075114
3641.0 0.11086012
3642.0 0.110969156
3643.0 0.11107826
3644.0 0.11118742
3645.0 0.111296654
3646.0 0.111405954
3647.0 0.111515276
3648.0 0.1116246
3649.0 0.11173391
3650.0 0.111843206
3651.0 0.111941166
3652.0 0.112039104
3653.0 0.112137005
3654.0 0.11223486
3655.0 0.11233266
3656.0 0.11246585
3657.0 0.11259904
3658.0 0.11273224
3659.0 0.11286547
3660.0 0.11299877
3661.0 0.1131293
3662.0 0.11325994
3663.0 0.11339071
3664.0 0.11352161
3665.0 0.11365269
3666.0 0.113748305
3667.0 0.11384407
3668.0 0.11393996
3669.0 0.11403598
3670.0 0.11413211
3671.0 0.11426593
3672.0 0.114399895
3673.0 0.114533976
3674.0 0.11466817
3675.0 0.11480246
3676.0 0.11493683
3677.0 0.11507128
3678.0 0.11520579
3679.0 0.11534035
3680.0 0.11547495
3681.0 0.11560201
3682.0 0.11572909
3683.0 0.115856186
3684.0 0.11598328
3685.0 0.116110355
3686.0 0.116273835
3687.0 0.116437584
3688.0 0.11660151
3689.0 0.11676555
3690.0 0.11692961
3691.0 0.11705445
3692.0 0.11717914
3693.0 0.11730364
3694.0 0.11742791
3695.0 0.11755191
3696.0 0.11771204
3697.0 0.117871866
3698.0 0.118031345
3699.0 0.11819046
3700.0 0.1183492
3701.0 0.11853329
3702.0 0.11871705
3703.0 0.11890051
3704.0 0.11908366
3705.0 0.11926653
3706.0 0.11941248
3707.0 0.11955819
3708.0 0.11970368
3709.0 0.119849004
3710.0 0.11999419
3711.0 0.12017379
3712.0 0.12035344
3713.0 0.120533206
3714.0 0.12071319
3715.0 0.12089347
3716.0 0.12103705
3717.0 0.121180624
3718.0 0.12132421
3719.0 0.12146782
3720.0 0.12161147
3721.0 0.121786095
3722.0 0.12196084
3723.0 0.122135706
3724.0 0.122310705
3725.0 0.12248585
3726.0 0.12262378
3727.0 0.122761816
3728.0 0.12289998
3729.0 0.12303828
3730.0 0.12317672
3731.0 0.12338748
3732.0 0.12359854
3733.0 0.12380992
3734.0 0.124021634
3735.0 0.12423371
3736.0 0.12440809
3737.0 0.12458249
3738.0 0.12475701
3739.0 0.12493173
3740.0 0.12510674
3741.0 0.12531473
3742.0 0.1255232
3743.0 0.12573218
3744.0 0.12594174
3745.0 0.1261519
3746.0 0.12632455
3747.0 0.12649782
3748.0 0.12667178
3749.0 0.1268464
3750.0 0.12702173
3751.0 0.12726745
3752.0 0.12751403
3753.0 0.12776147
3754.0 0.12800972
3755.0 0.1282588
3756.0 0.12846994
3757.0 0.1286817
3758.0 0.12889403
3759.0 0.1291069
3760.0 0.12932022
3761.0 0.12956831
3762.0 0.12981685
3763.0 0.13006575
3764.0 0.13031492
3765.0 0.13056426
3766.0 0.13077457
3767.0 0.1309852
3768.0 0.13119616
3769.0 0.1314074
3770.0 0.13161893
3771.0 0.13186826
3772.0 0.13211794
3773.0 0.13236797
3774.0 0.13261834
3775.0 0.132869
3776.0 0.13308033
3777.0 0.13329184
3778.0 0.13350353
3779.0 0.13371536
3780.0 0.13392736
3781.0 0.1342021
3782.0 0.1344771
3783.0 0.13475232
3784.0 0.13502778
3785.0 0.13530345
3786.0 0.13553907
3787.0 0.13577478
3788.0 0.13601063
3789.0 0.13624665
3790.0 0.13648285
3791.0 0.13675258
3792.0 0.1370226
3793.0 0.13708928
3794.0 0.1371555
3795.0 0.13714556
3796.0 0.13717555
3797.0 0.1372124
3798.0 0.13724852
3799.0 0.1372839
3800.0 0.13731854
3801.0 0.13730703
3802.0 0.13729472
3803.0 0.13728932
3804.0 0.13728312
3805.0 0.13726838
3806.0 0.13729315
3807.0 0.13732474
3808.0 0.13735543
3809.0 0.13738522
3810.0 0.1374141
3811.0 0.13739558
3812.0 0.13737613
3813.0 0.13736366
3814.0 0.1373503
3815.0 0.13732815
3816.0 0.13734537
3817.0 0.13736968
3818.0 0.13739316
3819.0 0.13741578
3820.0 0.13743758
3821.0 0.1374329
3822.0 0.13742732
3823.0 0.13742884
3824.0 0.13742946
3825.0 0.13742113
3826.0 0.13745205
3827.0 0.13741706
3828.0 0.13738076
3829.0 0.13711481
3830.0 0.13684636
3831.0 0.13655974
3832.0 0.1362706
3833.0 0.13597886
3834.0 0.13568455
3835.0 0.13539587
3836.0 0.13510469
3837.0 0.13480271
3838.0 0.1344982
3839.0 0.13419108
3840.0 0.13388136
3841.0 0.13354988
3842.0 0.13321593
3843.0 0.13287951
3844.0 0.1325406
3845.0 0.13220768
3846.0 0.13191052
3847.0 0.13160217
3848.0 0.13129106
3849.0 0.1309772
3850.0 0.13066058
3851.0 0.13034435
3852.0 0.13002522
3853.0 0.12970325
3854.0 0.12937842
3855.0 0.12905943
3856.0 0.12877482
3857.0 0.12847853
3858.0 0.12817919
3859.0 0.12787683
3860.0 0.12757148
3861.0 0.12721094
3862.0 0.12684785
3863.0 0.12648219
3864.0 0.12611401
3865.0 0.12575221
3866.0 0.12538798
3867.0 0.12501234
3868.0 0.12463411
3869.0 0.12425332
3870.0 0.12386995
3871.0 0.123515286
3872.0 0.123157814
3873.0 0.12279754
3874.0 0.12243445
3875.0 0.12207761
3876.0 0.12168318
3877.0 0.1212771
3878.0 0.120868444
3879.0 0.120457195
3880.0 0.12004336
3881.0 0.11964993
3882.0 0.11925367
3883.0 0.118854575
3884.0 0.11845264
3885.0 0.11805713
3886.0 0.117692225
3887.0 0.11731486
3888.0 0.11693434
3889.0 0.1165507
3890.0 0.11616398
3891.0 0.11573483
3892.0 0.115302965
3893.0 0.11486841
3894.0 0.11443119
3895.0 0.114000805
3896.0 0.11356777
3897.0 0.11312259
3898.0 0.11267477
3899.0 0.11222433
3900.0 0.111771286
3901.0 0.111334115
3902.0 0.11089424
3903.0 0.11045164
3904.0 0.11000631
3905.0 0.10956795
3906.0 0.10909601
3907.0 0.10861188
3908.0 0.108125225
3909.0 0.10763602
3910.0 0.10714424
3911.0 0.10665992
3912.0 0.1061728
3913.0 0.10568282
3914.0 0.10518994
3915.0 0.10470404
3916.0 0.104215205
3917.0 0.103713594
3918.0 0.1032091
3919.0 0.102701694
3920.0 0.102191344
3921.0 0.10169151
3922.0 0.10118858
3923.0 0.100682534
3924.0 0.10017335
3925.0 0.09967113
3926.0 0.09913793
3927.0 0.09859175
3928.0 0.09804273
3929.0 0.097490855
3930.0 0.09693612
3931.0 0.09639926
3932.0 0.09585925
3933.0 0.0953161
3934.0 0.09476978
3935.0 0.094230674
3936.0 0.09371459
3937.0 0.09318459
3938.0 0.09265109
3939.0 0.09211411
3940.0 0.0915737
3941.0 0.09098736
3942.0 0.09039824
3943.0 0.08980637
3944.0 0.08921177
3945.0 0.08862505
3946.0 0.08803562
3947.0 0.08743285
3948.0 0.08682734
3949.0 0.08621911
3950.0 0.08560819
3951.0 0.0849752
3952.0 0.08433985
3953.0 0.08370215
3954.0 0.08306209
3955.0 0.08243045
3956.0 0.081796646
3957.0 0.08114977
3958.0 0.080500536
3959.0 0.07984886
3960.0 0.07919467
3961.0 0.078574345
3962.0 0.07795072
3963.0 0.077323735
3964.0 0.07669331
3965.0 0.07607039
3966.0 0.07542316
3967.0 0.074761875
3968.0 0.07409747
3969.0 0.073429905
3970.0 0.07275914
3971.0 0.07207537
3972.0 0.07138854
3973.0 0.07069864
3974.0 0.07000564
3975.0 0.06932073
3976.0 0.06863274
3977.0 0.0679305
3978.0 0.06722523
3979.0 0.066516966
3980.0 0.06580573
3981.0 0.06508997
3982.0 0.064371355
3983.0 0.06364992
3984.0 0.06292572
3985.0 0.062210184
3986.0 0.06150895
3987.0 0.060793124
3988.0 0.060074102
3989.0 0.059351902
3990.0 0.058626536
3991.0 0.057881214
3992.0 0.057133194
3993.0 0.056382496
3994.0 0.055629138
3995.0 0.05488473
3996.0 0.054137744
3997.0 0.05337646
3998.0 0.052612476
3999.0 0.051845793
4000.0 0.051076405
4001.0 0.050302323
4002.0 0.049525596
4003.0 0.048746213
4004.0 0.047964178
4005.0 0.04719127
4006.0 0.04641574
4007.0 0.045625757
4008.0 0.04483311
4009.0 0.044037793
4010.0 0.043239806
4011.0 0.042444367
4012.0 0.04164606
4013.0 0.040844876
4014.0 0.040040817
4015.0 0.039245855
4016.0 0.038437575
4017.0 0.037614882
4018.0 0.03678975
4019.0 0.03596217
4020.0 0.03513215
4021.0 0.03430021
4022.0 0.03346579
4023.0 0.032628898
4024.0 0.031789523
4025.0 0.030959815
4026.0 0.030127658
4027.0 0.02928086
4028.0 0.028431572
4029.0 0.02757979
4030.0 0.026725512
4031.0 0.025870234
4032.0 0.025012353
4033.0 0.02415187
4034.0 0.023288779
4035.0 0.022657294
4036.0 0.022023883
4037.0 0.02159872
4038.0 0.021172242
4039.0 0.02075685
4040.0 0.020340173
4041.0 0.019920155
4042.0 0.019498942
4043.0 0.01906406
4044.0 0.018627943
4045.0 0.018203096
4046.0 0.017781848
4047.0 0.017346622
4048.0 0.016909916
4049.0 0.016484313
4050.0 0.016057266
4051.0 0.015625076
4052.0 0.015191649
4053.0 0.014744326
4054.0 0.014295725
4055.0 0.013858538
4056.0 0.013420107
4057.0 0.012967705
4058.0 0.01251402
4059.0 0.012071814
4060.0 0.011628359
4061.0 0.011184029
4062.0 0.0107384175
4063.0 0.010278691
4064.0 0.009817643
4065.0 0.009368141
4066.0 0.008917352
4067.0 0.008452369
4068.0 0.00798606
4069.0 0.0075313635
4070.0 0.007075374
4071.0 0.006616932
4072.0 0.006157356
4073.0 0.005683639
4074.0 0.0052087544
4075.0 0.0047457386
4076.0 0.0042815846
4077.0 0.0038032215
4078.0 0.0033236863
4079.0 0.0028560788
4080.0 0.0023873283
4081.0 0.0019174576
4082.0 0.0014464302
4083.0 0.0009610793
4084.0 0.0004745371
4085.0 0.0002375588
4086.0 0.0