  3500  0.0000
  3510  0.0000
  3520  0.0000
  3530  0.0000
  3540  0.0000
  3550  0.0000
  3560  0.0000
  3570  0.0000
  3580  0.0000
  3590  0.0000
  3600  0.0000
  3610  0.0000
  3620  0.0000
  3630  0.0000
  3640  0.0000
  3650  0.0000
  3660  0.0000
  3670  0.0000
  3680  0.0000
  3690  0.0000
  3700  0.0000
  3710  0.0000
  3720  0.0000
  3730  0.0000
  3740  0.0000
  3750  0.0000
  3760  0.0000
  3770  0.0000
  3780  0.0000
  3790  0.0000
  3800  0.0000
  3810  0.0000
  3820  0.0000
  3830  0.0000
  3840  0.0000
  3850  0.0000
  3860  0.0000
  3870  0.0000
  3880  0.0000
  3890  0.0000
  3900  0.0000
  3910  0.0000
  3920  0.0000
  3930  0.0000
  3940  0.0000
  3950  0.0000
  3960  0.0000
  3970  0.0000
  3980  0.0000
  3990  0.0000
  4000  0.0000
  4010  0.0000
  4020  0.0000
  4030  0.0000
  4040  0.0000
  4050  0.0000
  4060  0.0000
  4070  0.0000
  4080  0.0000
  4090  0.0000
  4100  0.0000
  4110  0.0000
  4120  0.0000
  4130  0.0000
  4140  0.0000
  4150  0.0000
  4160  0.0000
  4170  0.0000
  4180  0.0000
  4190  0.0000
  4200  0.0000
  4210  0.0000
  4220  0.0000
  4230  0.0000
  4240  0.0000
  4250  0.0000
  4260  0.0000
  4270  0.0000
  4280  0.0000
  4290  0.0000
  4300  0.0000
  4310  0.0000
  4320  0.0000
  4330  0.0000
  4340  0.0000
  4350  0.0000
  4360  0.0000
  4370  0.0000
  4380  0.0000
  4390  0.0000
  4400  0.0000
  4410  0.0000
  4420  0.0000
  4430  0.0000
  4440  0.0000
  4450  0.0000
  4460  0.0000
  4470  0.0000
  4480  0.0000
  4490  0.0000
  4500  0.0000
  4510  0.0000
  4520  0.0000
  4530  0.0000
  4540  0.0000
  4550  0.0000
  4560  0.0000
  4570  0.0000
  4580  0.0000
  4590  0.0000
  4600  0.0000
  4610  0.0000
  4620  0.0000
  4630  0.0000
  4640  0.0000
  4650  0.0000
  4660  0.0000
  4670  0.0000
  4680  0.0000
  4690  0.0000
  4700  0.0000
  4710  0.0000
  4720  0.0000
  4730  0.0000
  4740  0.0000
  4750  0.0000
  4760  0.0000
  4770  0.0000
  4780  0.0000
  4790  0.0000
  4800  0.0000
  4810  0.0000
  4820  0.0000
  4830  0.0000
  4840  0.0000
  4850  0.0000
  4860  0.0000
  4870  0.0000
  4880  0.0000
  4890  0.0000
  4900  0.0000
  4910  0.0000
  4920  0.0000
  4930  0.0000
  4940  0.0000
  4950  0.0000
  4960  0.0000
  4970  0.0000
  4980  0.0000
  4990  0.0000
  5000  0.0001
  5010  0.0001
  5020  0.0001
  5030  0.0001
  5040  0.0001
  5050  0.0000
  5060  0.0001
  5070  0.0000
  5080  0.0001
  5090  0.0001
  5100  0.0001
  5110  0.0001
  5120  0.0001
  5130  0.0001
  5140  0.0001
  5150  0.0001
  5160  0.0001
  5170  0.0001
  5180  0.0001
  5190  0.0001
  5200  0.0001
  5210  0.0001
  5220  0.0001
  5230  0.0001
  5240  0.0001
  5250  0.0001
  5260  0.0002
  5270  0.0002
  5280  0.0002
  5290  0.0003
  5300  0.0003
  5310  0.0004
  5320  0.0005
  5330  0.0006
  5340  0.0008
  5350  0.0009
  5360  0.0012
  5370  0.0016
  5380  0.0023
  5390  0.0034
  5400  0.0050
  5410  0.0074
  5420  0.0111
  5430  0.0170
  5440  0.0261
  5450  0.0393
  5460  0.0565
  5470  0.0776
  5480  0.1022
  5490  0.1290
  5500  0.1551
  5510  0.1789
  5520  0.1981
  5530  0.2132
  5540  0.2231
  5550  0.2309
  5560  0.2356
  5570  0.2404
  5580  0.2434
  5590  0.2460
  5600  0.2472
  5610  0.2487
  5620  0.2493
  5630  0.2502
  5640  0.2507
  5650  0.2513
  5660  0.2518
  5670  0.2517
  5680  0.2513
  5690  0.2508
  5700  0.2504
  5710  0.2496
  5720  0.2491
  5730  0.2474
  5740  0.2468
  5750  0.2459
  5760  0.2471
  5770  0.2483
  5780  0.2514
  5790  0.2535
  5800  0.2558
  5810  0.2564
  5820  0.2572
  5830  0.2566
  5840  0.2567
  5850  0.2552
  5860  0.2540
  5870  0.2524
  5880  0.2520
  5890  0.2527
  5900  0.2546
  5910  0.2572
  5920  0.2585
  5930  0.2587
  5940  0.2578
  5950  0.2573
  5960  0.2576
  5970  0.2596
  5980  0.2618
  5990  0.2645
  6000  0.2658
  6010  0.2672
  6020  0.2675
  6030  0.2691
  6040  0.2697
  6050  0.2714
  6060  0.2716
  6070  0.2725
  6080  0.2729
  6090  0.2735
  6100  0.2733
  6110  0.2737
  6120  0.2736
  6130  0.2743
  6140  0.2743
  6150  0.2741
  6160  0.2726
  6170  0.2705
  6180  0.2690
  6190  0.2677
  6200  0.2685
  6210  0.2695
  6220  0.2715
  6230  0.2719
  6240  0.2725
  6250  0.2719
  6260  0.2730
  6270  0.2739
  6280  0.2768
  6290  0.2786
  6300  0.2810
  6310  0.2813
  6320  0.2814
  6330  0.2800
  6340  0.2793
  6350  0.2785
  6360  0.2797
  6370  0.2812
  6380  0.2836
  6390  0.2856
  6400  0.2875
  6410  0.2890
  6420  0.2900
  6430  0.2908
  6440  0.2908
  6450  0.2913
  6460  0.2909
  6470  0.2912
  6480  0.2906
  6490  0.2917
  6500  0.2916
  6510  0.2922
  6520  0.2924
  6530  0.2928
  6540  0.2929
  6550  0.2930
  6560  0.2933
  6570  0.2933
  6580  0.2930
  6590  0.2925
  6600  0.2917
  6610  0.2910
  6620  0.2900
  6630  0.2890
  6640  0.2881
  6650  0.2874
  6660  0.2870
  6670  0.2868
  6680  0.2873
  6690  0.2875
  6700  0.2876
  6710  0.2877
  6720  0.2880
  6730  0.2881
  6740  0.2886
  6750  0.2897
  6760  0.2873
  6770  0.2866
  6780  0.2855
  6790  0.2838
  6800  0.2817
  6810  0.2794
  6820  0.2770
  6830  0.2750
  6840  0.2721
  6850  0.2654
  6860  0.2384
  6870  0.2120
  6880  0.2032
  6890  0.1964
  6900  0.1871
  6910  0.1741
  6920  0.1556
  6930  0.1321
  6940  0.1070
  6950  0.0832
  6960  0.0624
  6970  0.0454
  6980  0.0322
  6990  0.0225
  7000  0.0156
  7010  0.0109
  7020  0.0078
  7030  0.0056
  7040  0.0042
  7050  0.0032
  7060  0.0025
  7070  0.0019
  7080  0.0015
  7090  0.0011
  7100  0.0008
  7110  0.0006
  7120  0.0004
  7130  0.0003
  7140  0.0003
  7150  0.0002
  7160  0.0002
  7170  0.0002
  7180  0.0002
  7190  0.0002
  7200  0.0001
  7210  0.0001
  7220  0.0001
  7230  0.0001
  7240  0.0001
  7250  0.0001
  7260  0.0000
  7270  0.0001
  7280  0.0000
  7290  0.0000
  7300  0.0000
  7310  0.0000
  7320  0.0000
  7330  0.0000
  7340  0.0000
  7350  0.0000
  7360  0.0000
  7370  0.0000
  7380  0.0000
  7390  0.0000
  7400  0.0000
  7410  0.0000
  7420  0.0000
  7430  0.0000
  7440  0.0000
  7450  0.0000
  7460  0.0000
  7470  0.0000
  7480  0.0000
  7490  0.0000
  7500  0.0000
  7510  0.0000
  7520  0.0000
  7530  0.0000
  7540  0.0000
  7550  0.0000
  7560  0.0000
  7570  0.0000
  7580  0.0000
  7590  0.0000
  7600  0.0000
  7610  0.0000
  7620  0.0000
  7630  0.0000
  7640  0.0000
  7650  0.0000
  7660  0.0000
  7670  0.0000
  7680  0.0000
  7690  0.0000
  7700  0.0000
  7710  0.0000
  7720  0.0000
  7730  0.0000
  7740  0.0000
  7750  0.0000
  7760  0.0000
  7770  0.0000
  7780  0.0000
  7790  0.0000
  7800  0.0000
  7810  0.0000
  7820  0.0000
  7830  0.0000
  7840  0.0000
  7850  0.0000
  7860  0.0000
  7870  0.0000
  7880  0.0000
  7890  0.0000
  7900  0.0000
  7910  0.0000
  7920  0.0000
  7930  0.0000
  7940  0.0000
  7950  0.0000
  7960  0.0000
  7970  0.0000
  7980  0.0000
  7990  0.0000
  8000  0.0000
  8010  0.0000
  8020  0.0000
  8030  0.0000
  8040  0.0000
  8050  0.0000
  8060  0.0000
  8070  0.0000
  8080  0.0000
  8090  0.0000
  8100  0.0000
  8110  0.0000
  8120  0.0000
  8130  0.0000
  8140  0.0000
  8150  0.0000
  8160  0.0000
  8170  0.0000
  8180  0.0000
  8190  0.0000
  8200  0.0000
  8210  0.0000
  8220  0.0000
  8230  0.0000
  8240  0.0000
  8250  0.0000
  8260  0.0000
  8270  0.0000
  8280  0.0000
  8290  0.0000
  8300  0.0000
  8310  0.0000
  8320  0.0000
  8330  0.0000
  8340  0.0000
  8350  0.0000
  8360  0.0000
  8370  0.0000
  8380  0.0000
  8390  0.0000
  8400  0.0000
  8410  0.0000
  8420  0.0000
  8430  0.0000
  8440  0.0000
  8450  0.0000
  8460  0.0000
  8470  0.0000
  8480  0.0000
  8490  0.0000
  8500  0.0000
  8510  0.0000
  8520  0.0000
  8530  0.0000
  8540  0.0000
  8550  0.0000
  8560  0.0000
  8570  0.0000
  8580  0.0000
  8590  0.0000
  8600  0.0000
  8610  0.0000
  8620  0.0000
  8630  0.0000
  8640  0.0000
  8650  0.0000
  8660  0.0000
  8670  0.0000
  8680  0.0000
  8690  0.0000
  8700  0.0000
  8710  0.0000
  8720  0.0000
  8730  0.0000
  8740  0.0000
  8750  0.0000
  8760  0.0000
  8770  0.0000
  8780  0.0000
  8790  0.0000
  8800  0.0000
  8810  0.0000
  8820  0.0000
  8830  0.0000
  8840  0.0000
  8850  0.0000
  8860  0.0000
  8870  0.0000
  8880  0.0000
  8890  0.0000
  8900  0.0000
  8910  0.0000
  8920  0.0000
  8930  0.0000
  8940  0.0000
  8950  0.0000
  8960  0.0000
  8970  0.0000
  8980  0.0000
  8990  0.0000
  9000  0.0000
  9010  0.0000
  9020  0.0000
  9030  0.0000
  9040  0.0000
  9050  0.0000
  9060  0.0000
  9070  0.0000
  9080  0.0000
  9090  0.0000
  9100  0.0000
  9110  0.0000
  9120  0.0000
  9130  0.0000
  9140  0.0000
  9150  0.0000
  9160  0.0000
  9170  0.0000
  9180  0.0000
  9190  0.0000
  9200  0.0000
  9210  0.0000
  9220  0.0000
  9230  0.0000
  9240  0.0000
  9250  0.0000
  9260  0.0000
  9270  0.0000
  9280  0.0000
  9290  0.0000
  9300  0.0000
  9310  0.0000
  9320  0.0000
  9330  0.0000
  9340  0.0000
  9350  0.0000
  9360  0.0000
  9370  0.0000
  9380  0.0000
  9390  0.0000
  9400  0.0000
  9410  0.0000
  9420  0.0000
  9430  0.0000
  9440  0.0000
  9450  0.0000
  9460  0.0000
  9470  0.0000
  9480  0.0000
  9490  0.0000
  9500  0.0000
  9510  0.0000
  9520  0.0000
  9530  0.0000
  9540  0.0000
  9550  0.0000
  9560  0.0000
  9570  0.0000
  9580  0.0000
  9590  0.0000
  9600  0.0000
  9610  0.0000
  9620  0.0000
  9630  0.0000
  9640  0.0000
  9650  0.0000
  9660  0.0000
  9670  0.0000
  9680  0.0000
  9690  0.0000
  9700  0.0000
  9710  0.0000
  9720  0.0000
  9730  0.0000
  9740  0.0000
  9750  0.0000
  9760  0.0000
  9770  0.0000
  9780  0.0000
  9790  0.0000
  9800  0.0000
  9810  0.0000
  9820  0.0000
  9830  0.0000
  9840  0.0000
  9850  0.0000
  9860  0.0000
  9870  0.0000
  9880  0.0000
  9890  0.0000
  9900  0.0000
  9910  0.0000
  9920  0.0000
  9930  0.0000
  9940  0.0000
  9950  0.0000
  9960  0.0000
  9970  0.0000
  9980  0.0000
  9990  0.0000
 10000  0.0000
 10010  0.0000
 10020  0.0000
 10030  0.0000
 10040  0.0000
 10050  0.0000
 10060  0.0000
 10070  0.0000
 10080  0.0000
 10090  0.0000
 10100  0.0000
 10110  0.0000
 10120  0.0000
 10130  0.0000
 10140  0.0000
 10150  0.0000
 10160  0.0000
 10170  0.0000
 10180  0.0000
 10190  0.0000
 10200  0.0000
 10210  0.0000
 10220  0.0000
 10230  0.0000
 10240  0.0000
 10250  0.0000
 10260  0.0000
 10270  0.0000
 10280  0.0000
 10290  0.0000
 10300  0.0000
 10310  0.0000
 10320  0.0000
 10330  0.0000
 10340  0.0000
 10350  0.0000
 10360  0.0000
 10370  0.0000
 10380  0.0000
 10390  0.0000
 10400  0.0000
 10410  0.0000
 10420  0.0000
 10430  0.0000
 10440  0.0000
 10450  0.0000
 10460  0.0000
 10470  0.0000
 10480  0.0000
 10490  0.0000
 10500  0.0000
 10510  0.0000
 10520  0.0000
 10530  0.0000
 10540  0.0000
 10550  0.0000
 10560  0.0000
 10570  0.0000
 10580  0.0000
 10590  0.0000
 10600  0.0000
 10610  0.0000
 10620  0.0000
 10630  0.0000
 10640  0.0000
 10650  0.0000
 10660  0.0000
 10670  0.0000
 10680  0.0000
 10690  0.0000
 10700  0.0000
 10710  0.0000
 10720  0.0000
 10730  0.0000
 10740  0.0000
 10750  0.0000
 10760  0.0000
 10770  0.0000
 10780  0.0000
 10790  0.0000
 10800  0.0000
 10810  0.0000
 10820  0.0000
 10830  0.0000
 10840  0.0000
 10850  0.0000
 10860  0.0000
 10870  0.0000
 10880  0.0000
 10890  0.0000
 10900  0.0000
 10910  0.0000
 10920  0.0000
 10930  0.0000
 10940  0.0000
 10950  0.0000
 10960  0.0000
 10970  0.0000
 10980  0.0000
 10990  0.0000
 11000  0.0000
