5680.0 0.0034500000
5700.0 0.0080900000
5720.0 0.0165600000
5740.0 0.0299800000
5760.0 0.0490600000
5780.0 0.0739400000
5800.0 0.1043900000
5820.0 0.1398200000
5840.0 0.1797600000
5860.0 0.2236900000
5880.0 0.2713000000
5900.0 0.3218400000
5920.0 0.3740400000
5940.0 0.4259800000
5960.0 0.4757100000
5980.0 0.5213800000
6000.0 0.5618000000
6020.0 0.5968000000
6040.0 0.6272300000
6060.0 0.6548000000
6080.0 0.6815300000
6100.0 0.7087600000
6120.0 0.7366800000
6140.0 0.7644800000
6160.0 0.7907300000
6180.0 0.8133900000
6200.0 0.8306300000
6220.0 0.8415500000
6240.0 0.8465300000
6260.0 0.8475300000
6280.0 0.8472600000
6300.0 0.8481400000
6320.0 0.8515800000
6340.0 0.8580000000
6360.0 0.8664700000
6380.0 0.8753400000
6400.0 0.8826800000
6420.0 0.8869600000
6440.0 0.8875600000
6460.0 0.8849200000
6480.0 0.8799900000
6500.0 0.8740500000
6520.0 0.8681000000
6540.0 0.8627200000
6560.0 0.8584100000
6580.0 0.8555100000
6600.0 0.8548700000
6620.0 0.8575000000
6640.0 0.8638300000
6660.0 0.8734900000
6680.0 0.8855700000
6700.0 0.8989100000
6720.0 0.9117400000
6740.0 0.9223500000
6760.0 0.9286500000
6780.0 0.9289100000
6800.0 0.9230700000
6820.0 0.9124900000
6840.0 0.8995700000
6860.0 0.8866600000
6880.0 0.8757000000
6900.0 0.8678600000
6920.0 0.8637400000
6940.0 0.8638000000
6960.0 0.8678600000
6980.0 0.8751500000
7000.0 0.8840500000
7020.0 0.8922300000
7040.0 0.8980700000
7060.0 0.9008600000
7080.0 0.8985900000
7100.0 0.8854800000
7120.0 0.8530100000
7140.0 0.7943900000
7160.0 0.7107400000
7180.0 0.6093100000
7200.0 0.4997300000
7220.0 0.3890200000
7240.0 0.2816000000
7260.0 0.1840100000
7280.0 0.1047700000
7300.0 0.0503500000
7320.0 0.0197100000
7340.0 0.0065900000
7360.0 0.0024400000
