-1.2316366781598547	-4.034535926186521
-1.2257108239668018	-3.9421680572608286
-1.2197849697737484	-3.843526361652438
-1.2138591155806948	-3.7389667260321113
-1.2079332613876421	-3.6289665029752096
-1.2020074071945885	-3.5141254901199632
-1.196081553001535	-3.3951582396778037
-1.1901556988084814	-3.2728515013446198
-1.1842298446154287	-3.1480315903414797
-1.178303990422375	-3.0215693478400807
-1.1723781362293224	-2.8943900202899524
-1.1664522820362688	-2.7674401703491327
-1.160526427843215	-2.64165005842372
-1.1546005736501617	-2.5179083531675226
-1.1486747194571088	-2.397063108759098
-1.1427488652640554	-2.279898666730894
-1.1368230110710018	-2.1671059950078067
-1.130897156877949	-2.059254096773781
-1.1249713026848955	-1.9567689021623726
-1.119045448491842	-1.8599334218787447
-1.113119594298789	-1.7689154055933447
-1.1071937401057357	-1.6837959093361368
-1.101267885912682	-1.6045802679317327
-1.0953420317196294	-1.5311876294571616
-1.0894161775265758	-1.4634613706547153
-1.0834903233335222	-1.4012251709653896
-1.0775644691404693	-1.34440421777576
-1.071638614947416	-1.293036736889329
-1.0657127607543624	-1.2470711692591907
-1.0597869065613097	-1.2061599729263708
-1.0538610523682561	-1.1697477350069108
-1.0479351981752025	-1.1372070402109027
-1.042009343982149	-1.1079424690322004
-1.036083489789096	-1.0814393332650172
-1.0301576355960427	-1.057264010220323
-1.02423178140299	-1.035065173951868
-1.0183059272099364	-1.014572005715313
-1.0123800730168828	-0.9955941029746632
-1.0064542188238292	-0.9779865295312389
-1.0005283646307765	-0.9616292690510279
-0.9946025104377229	-0.9464174067565192
-0.9886766562446702	-0.93227518260461
-0.9827508020516166	-0.9191617537480938
-0.9768249478585631	-0.9070831844782614
-0.9708990936655094	-0.8960662534049817
-0.9649732394724568	-0.8861380149826157
-0.9590473852794033	-0.8773124102368325
-0.9531215310863496	-0.8695834957807453
-0.9471956768932969	-0.8629620647650068
-0.9412698227002434	-0.8574837263550636
-0.9353439685071897	-0.8531664097607092
-0.929418114314137	-0.849983525395009
-0.9234922601210834	-0.8478800226718504
-0.91756640592803	-0.8468043506381908
-0.9116405517349772	-0.8467111173592898
-0.9057146975419237	-0.8475436033874046
-0.89978884334887	-0.8492458732450827
-0.8938629891558165	-0.8517680703709944
-0.8879371349627638	-0.8550797326999844
-0.8820112807697101	-0.8591773323301235
-0.8760854265766574	-0.8640727232807336
-0.870159572383604	-0.8697722130831863
-0.8642337181905504	-0.8762676575948585
-0.8583078639974967	-0.8835317663758049
-0.8523820098044441	-0.891533574712218
-0.8464561556113904	-0.9002520155947111
-0.8405303014183377	-0.9096577092793239
-0.8346044472252842	-0.9197107017620955
-0.8286785930322306	-0.9303587800098075
-0.822752738839177	-0.9415494556908581
-0.8168268846461243	-0.9532473229707693
-0.8109010304530707	-0.9654285713742288
-0.8049751762600181	-0.9780783301778653
-0.7990493220669646	-0.9911792218541684
-0.793123467873911	-1.0047204236683844
-0.7871976136808574	-1.0186944342219406
-0.7812717594878046	-1.0331068654412445
-0.775345905294751	-1.0479686525854652
-0.7694200511016974	-1.0632995168863026
-0.7634941969086447	-1.0791132711892433
-0.7575683427155911	-1.095413523981435
-0.7516424885225376	-1.1121960032259437
-0.745716634329484	-1.1294451829757728
-0.7397907801364313	-1.1471362629974038
-0.7338649259433777	-1.1652441397984277
-0.727939071750325	-1.1837487474869792
-0.7220132175572714	-1.2026387176237523
-0.716087363364218	-1.2219022398071793
-0.7101615091711644	-1.2415368283831578
-0.7042356549781116	-1.2615415354797155
-0.6983098007850581	-1.2819119698411867
-0.6923839465920053	-1.302649553340353
-0.6864580923989518	-1.3237426889169523
-0.6805322382058981	-1.3451696855581399
-0.6746063840128446	-1.3668985664923141
-0.6686805298197919	-1.3888939796989144
-0.6627546756267384	-1.4111261198725236
-0.6568288214336857	-1.4335556799457907
-0.650902967240632	-1.4561371088473583
-0.6449771130475784	-1.4788162130959357
-0.6390512588545249	-1.50153445879131
-0.6331254046614722	-1.5242366052366778
-0.6271995504684186	-1.5468702343627516
-0.621273696275365	-1.5693967760326595
-0.6153478420823123	-1.5917919027210776
-0.6094219878892587	-1.6140457068890295
-0.6034961336962051	-1.6361524456778784
-0.5975702795031524	-1.6581121572697244
-0.5916444253100989	-1.6799145872602363
-0.5857185711170454	-1.7015424482994481
-0.5797927169239927	-1.7229673838238277
-0.573866862730939	-1.7441592782476658
-0.5679410085378854	-1.7650961389787931
-0.5620151543448318	-1.7857609013317064
-0.5560893001517792	-1.806153231372137
-0.5501634459587257	-1.8262691077833169
-0.544237591765673	-1.8461063304154453
-0.5383117375726193	-1.8656645306881274
-0.5323858833795657	-1.8849445654327621
-0.5264600291865122	-1.9039538128633775
-0.5205341749934596	-1.9227151925911234
-0.5146083208004059	-1.941255608461915
-0.5086824666073532	-1.9595978465748667
-0.5027566124142996	-1.9777587295144687
-0.49683075822124606	-1.9957473995935218
-0.4909049040281924	-2.013560981645109
-0.4849790498351398	-2.0311901950015145
-0.4790531956420862	-2.048625959355918
-0.47312734144903346	-2.065866136298239
-0.46720148725598	-2.082917120225829
-0.4612756330629263	-2.099791723290409
-0.4553497788698727	-2.1165024686050216
-0.44942392467682	-2.133055480398754
-0.4434980704837665	-2.1494605971700036
-0.4375722162907129	-2.165731351043449
-0.4316463620976602	-2.1818783254064402
-0.4257205079046066	-2.1979119125608
-0.41979465371155306	-2.213837812466081
-0.41386879951849953	-2.229665892945099
-0.4079429453254468	-2.245411898390988
-0.4020170911323932	-2.261094760152454
-0.3960912369393405	-2.276729642105492
-0.3901653827462869	-2.2923267428704763
-0.3842395285532333	-2.307893494607654
-0.37831367436017976	-2.323430126945336
-0.37238782016712707	-2.3389383301344564
-0.36646196597407343	-2.354416166680465
-0.3605361117810208	-2.36985860073904
-0.35461025758796716	-2.3852598743810196
-0.34868440339491363	-2.400615401140038
-0.34275854920186	-2.415923050274714
-0.33683269500880736	-2.4311880827801
-0.3309068408157538	-2.446415421824848
-0.32498098662270103	-2.461608931174191
-0.31905513242964745	-2.476768403859675
-0.31312927823659387	-2.491885257383786
-0.30720342404354034	-2.5069519178092716
-0.30127756985048765	-2.5219608656024324
-0.295351715657434	-2.536901092997263
-0.28942586146438043	-2.5517628460484403
-0.28350000727132774	-2.566538548418841
-0.27757415307827416	-2.5812194337369814
-0.2716482988852207	-2.5958021130434807
-0.2657224446921679	-2.610286548003533
-0.25979659049911435	-2.6246753760391117
-0.2538707363060608	-2.638972241067721
-0.24794488211300802	-2.653181102090602
-0.2420190279199545	-2.6673073880521434
-0.23609317372690092	-2.6813565210930532
-0.23016731953384734	-2.6953335874124775
-0.22424146534079464	-2.7092438649221
-0.21831561114774106	-2.7230936605322267
-0.21238975695468837	-2.7368931759120243
-0.20646390276163482	-2.750652967178593
-0.2005380485685812	-2.7643828681482447
-0.19461219437552763	-2.778090696345316
-0.18868634018247488	-2.7917836467314654
-0.18276048598942132	-2.8054700455518193
-0.17683463179636863	-2.819160010603185
-0.17090877760331502	-2.832863410068065
-0.16498292341026147	-2.8465871470303985
-0.15905706921720794	-2.860334471296188
-0.15313121502415522	-2.8741066519886576
-0.1472053608311016	-2.8878986075566644
-0.14127950663804892	-2.901704982855927
-0.1353536524449953	-2.915520949839288
-0.12942779825194178	-2.929339980479108
-0.12350194405888817	-2.9431546387224383
-0.11757608986583547	-2.9569582512720043
-0.11165023567278191	-2.9707443961936106
-0.10572438147972832	-2.984504898761791
-0.09979852728667561	-2.9982319725502826
-0.09387267309362204	-3.0119166488938993
-0.0879468189005685	-3.02555150761995
-0.08202096470751494	-3.039129158891838
-0.07609511051446222	-3.0526437213786037
-0.07016925632140865	-3.0660896568231477
-0.06424340212835594	-3.0794602449404094
-0.0583175479353023	-3.0927489117725813
-0.0523916937422488	-3.105948919799292
-0.046465839549195156	-3.1190562283541685
-0.04053998535614249	-3.1320645769946713
-0.034614131163088896	-3.1449713511978183
-0.028688276970036196	-3.1577746736761356
-0.022762422776982632	-3.1704747121738928
-0.016836568583929026	-3.183074427419241
-0.01091071439087545	-3.1955796479566354
-0.004984860197822794	-3.2079990795095323
0.0009409939952307823	-3.220342470363109
0.0068668481882835156	-3.232618440899878
0.012792702381337045	-3.244838157673124
0.018718556574390657	-3.2570131601689174
0.02464441076744423	-3.269155652793687
0.030570264960496932	-3.28127857172658
0.036496119153550506	-3.2933940697320567
0.04242197334660416	-3.3055156349871733
0.048347827539656864	-3.3176569490895145
0.0542736817327103	-3.3298306685048815
0.06019953592576395	-3.342045957521359
0.06612539011881664	-3.354310671044385
0.07205124431187021	-3.3666307149794736
0.07797709850492383	-3.379010745675796
0.08390295269797653	-3.391455196028846
0.08982880689103005	-3.403965716574752
0.0957546610840836	-3.4165434240736365
0.10168051527713727	-3.4291878047271114
0.10760636947018998	-3.4418956758513946
0.11353222366324352	-3.4546626739613355
0.11945807785629625	-3.4674846383689886
0.1253839320493498	-3.4803554927580445
0.1313097862424034	-3.493267920653749
0.13723564043545697	-3.5062150960219896
0.14316149462850972	-3.519189188436915
0.14908734882156321	-3.532182890989173
0.1550132030146159	-3.545188484967958
0.16093905720766954	-3.558198918360221
0.16686491140072307	-3.571207566471493
0.1727907655937767	-3.584207884734001
0.17871661978683023	-3.5971999243836192
0.18464247397988295	-3.6101736606552395
0.19056832817293567	-3.6231256847086177
0.19649418236598923	-3.6360521462526907
0.20242003655904284	-3.6489509227087136
0.20834589075209636	-3.6618205773885424
0.21427174494514994	-3.674660609178651
0.22019759913820264	-3.6874719221421692
0.2261234533312553	-3.7002558703236295
0.23204930752430888	-3.7130140799226403
0.2379751617173625	-3.7257476723755314
0.2439010159104161	-3.7384587663543978
0.24982687010346968	-3.7511501030593752
0.25575272429652235	-3.763824657596687
0.26167857848957593	-3.7764856891752046
0.2676044326826286	-3.7891369517545654
0.27353028687568226	-3.8017814224152855
0.27945614106873584	-3.8144220932824133
0.28538199526178937	-3.8270614775129386
0.29130784945484206	-3.839701278274517
0.29723370364789564	-3.8523431919470945
0.3031595578409484	-3.8649896156311607
0.3090854120340019	-3.87764160135057
0.3150112662270555	-3.890300703893981
0.3209371204201091	-3.9029676434215594
0.3268629746131618	-3.915643323003837
0.33278882880621535	-3.92832761923843
0.33871468299926805	-3.9410208954542116
0.3446405371923216	-3.9537233016775817
0.3505663913853752	-3.9664346425669974
0.3564922455784288	-3.979154720988911
0.3624180997714823	-3.9918831869318208
0.3683439539645351	-4.004619464630021
0.37426980815758776	-4.01736299036665
0.3801956623506414	-4.030113054180557
0.3861215165436949	-4.04286893269906
0.3920473707367485	-4.055630002828097
0.397973224929802	-4.068395490647816
0.4038990791228548	-4.081164642335732
0.40982493331590747	-4.093936883540669
0.41575078750896116	-4.106711731743765
0.42167664170201463	-4.1194850603071504
0.42760249589506827	-4.132262094164617
0.4335283500881218	-4.145041996653563
0.4394542042811745	-4.157824182874583
0.4453800584742281	-4.170608094687868
0.45130591266728076	-4.183393162621671
0.45723176686033434	-4.196178770231015
0.463157621053388	-4.208964486100463
0.4690834752464415	-4.221750016921128
0.4750093294394942	-4.2345351454396125
0.48093518363254784	-4.247319724993963
0.4868610378256005	-4.260103619035884
0.4927868920186541	-4.272886796330836
0.4987127462117077	-4.285669352670703
0.5046386004047613	-4.29845132379784
0.5105644545978149	-4.311232479786449
0.5164903087908667	-4.324013217945154
0.5224161629839201	-4.3367932804386555
0.5283420171769737	-4.349572690325285
0.5342678713700274	-4.362351642260088
0.540193725563081	-4.375130165180474
0.5461195797561346	-4.387908113304421
0.552045433949188	-4.400685504661098
0.55797128814224	-4.413462360477495
0.5638971423352935	-4.426238672797888
0.569822996528347	-4.439014337269697
0.5757488507214007	-4.451789881564746
0.5816747049144543	-4.464565428171242
0.5876005591075061	-4.477340979782051
0.5935264133005614	-4.490116536084284
0.5994522674936132	-4.502892085975331
0.6053781216866668	-4.515667628915138
0.6113039758797204	-4.528443176519177
0.617229830072774	-4.541218729129335
0.6231556842658276	-4.553994284552671
0.6290815384588794	-4.566769832570361
0.6350073926519328	-4.579545376535833
0.6409332468449864	-4.592320925305978
0.6468591010380401	-4.605096479015085
0.6527849552310937	-4.617872032722539
0.6587108094241454	-4.630647579038696
0.6646366636172008	-4.6434231241456505
0.6705625178102527	-4.6561986741586665
0.6764883720033062	-4.668974229018706
0.6824142261963598	-4.681749781049241
0.6883400803894134	-4.6945253256960555
0.694265934582467	-4.707300871971489
0.7001917887755188	-4.720076423247386
0.7061176429685723	-4.732851979264152
0.712043497161626	-4.745627529598596
0.7179693513546795	-4.758403072516307
0.7238952055477331	-4.77117861984198
0.7298210597407866	-4.783954172186663
0.7357469139338403	-4.796729728036351
0.7416727681268921	-4.809505276478355
0.7475986223199456	-4.822280820171992
0.7535244765129993	-4.835056368650466
0.7594503307060528	-4.847831922096558
0.7653761848991064	-4.860607476243192
0.7713020390921581	-4.873383023002295
0.7772278932852136	-4.886158567858072
0.7831537474782654	-4.8989341175990555
0.7890796016713189	-4.911709672213066
0.7950054558643725	-4.924485224696705
0.800931310057426	-4.937260769798629
0.8068571642504797	-4.950036315835849
0.8127830184435315	-4.962811866856722
0.8187088726365851	-4.975587422652707
0.8246347268296387	-4.988362973478216
0.8305605810226923	-5.001138516906642
0.8364864352157458	-5.013914064072032
0.8424122894087994	-5.026689616265655
0.848338143601853	-5.039465172653329
0.8542639977949048	-5.052240721629433
0.8601898519879583	-5.065016265160105
0.8661157061810119	-5.077791813455769
0.8720415603740655	-5.090567366748256
0.877967414567119	-5.103342921444227
0.8838932687601709	-5.116118468756747
0.8898191229532245	-5.128894013471095
0.895744977146278	-5.141669563047477
0.9016708313393317	-5.154445117518331
0.9075966855323852	-5.167220670550629
0.9135225397254388	-5.17999621619263
0.9194483939184924	-5.192771762062492
0.9253742481115442	-5.20554731288158
0.9313001023045978	-5.218322868489021
0.9372259564976514	-5.231098419813844
0.943151810690705	-5.2438739637347505
0.9490776648837586	-5.25664951069337
0.9550035190768102	-5.269425062660397
0.9609293732698656	-5.282200619266258
0.9668552274629175	-5.2949761686857
0.9727810816559711	-5.3077517119300675
0.9787069358490247	-5.3205272598906035
0.9846327900420782	-5.333302812852466
0.9905586442351318	-5.346078367900883
0.9964844984281837	-5.358853915555096
1.0024103526212373	-5.371629459906574
1.0083362068142907	-5.384405009092292
1.0142620610073443	-5.3971805631940395
1.0201879152003979	-5.409956116553485
1.0261137693934517	-5.4227316625221516
1.032039623586505	-5.435507208022344
1.0379654777795568	-5.448282758450848
1.0438913319726104	-5.4610583136961335
1.049817186165664	-5.473833865362911
1.0557430403587176	-5.486609409635559
1.0616688945517712	-5.499384956263138
1.067594748744823	-5.512160507895276
1.0735206029378765	-5.524936064215691
1.0794464571309301	-5.537711614078499
1.0853723113239837	-5.550487157036543
1.0912981655170373	-5.563262704661927
1.0972240197100909	-5.576038257293145
1.1031498739031445	-5.588813812694032
1.1090757280961963	-5.601589360689957
1.1150015822892498	-5.614364904678543
1.1209274364823034	-5.627140453473572
1.1268532906753572	-5.63991600720619
1.1327791448684106	-5.652691560892805
1.1387049990614626	-5.665467107188155
1.1446308532545177	-5.678242652318655
1.1505567074475695	-5.691018202356551
1.1564825616406231	-5.703793757239657
1.1624084158336767	-5.716569309248412
1.1683342700267303	-5.7293448538728216
1.1742601242197839	-5.742120400169342
1.1801859784128357	-5.754895951466569
1.1861118326058893	-5.767671507501516
1.1920376867989428	-5.780447057807721
1.1979635409919964	-5.793222600694762
1.20388939518505	-5.80599814803127
1.2098152493781036	-5.818773700384948
1.2157411035711574	-5.831549256198514
1.221666957764209	-5.844324804603469
1.2275928119572626	-5.857100348303364
1.2335186661503161	-5.869875896788393
1.2394445203433697	-5.882651450238352
1.2453703745364233	-5.89542700434342
1.251296228729475	-5.908202551060201
1.2572220829225305	-5.920978095917587
1.2631479371155823	-5.933753645661499
1.2690737913086358	-5.946529200277077
1.2749996455016894	-5.959304752718371
1.280925499694743	-5.972080297778767
1.2868513538877966	-5.9848558438198864
1.2927772080808484	-5.997631394847302
1.298703062273902	-6.010406950649493
1.3046289164669556	-6.023182501437944
1.3105547706600091	-6.035958044830302
1.3164806248530627	-6.048733592004709
1.3224064790461163	-6.061509144209143
1.3283323332391699	-6.074284700566094
1.3342581874322217	-6.087060249513962
1.3401840416252753	-6.099835793062868
1.3461098958183288	-6.112611341379876
1.3520357500113824	-6.12538689469342
1.357961604204436	-6.138162449366945
1.3638874583974878	-6.150937996657704
1.3698133125905414	-6.163713541395161
1.375739166783595	-6.176489090996424
1.3816650209766488	-6.189264645490785
1.3875908751697024	-6.202040198502247
1.3935167293627557	-6.214815744123444
1.3994425835558093	-6.227591290016849
1.405368437748861	-6.240366840860813
1.4112942919419147	-6.253142396491318
1.4172201461349683	-6.265917947794363
1.4231460003280219	-6.278693491692869
1.4290718545210754	-6.291469038672569
1.4349977087141272	-6.304244590660926
1.4409235629071826	-6.317020147284967
1.4468494171002344	-6.329795696676172
1.452775271293288	-6.342571239938774
1.4587011254863416	-6.355346787920655
1.4646269796793951	-6.368122340903575
1.4705528338724487	-6.380897895929546
1.4764786880655005	-6.393673443561994
1.4824045422585541	-6.406448987936584
1.4883303964516077	-6.419224537147183
1.4942562506446613	-6.432000091272441
1.5001821048377149	-6.444775644611051
1.5061079590307687	-6.45755119055891
1.512033813223822	-6.470326736082647
1.5179596674168738	-6.483102286536028
1.5238855216099274	-6.49587784180438
1.529811375802981	-6.508653393449378
1.5357372299960346	-6.521428937699622
1.5416630841890882	-6.534204484348287
1.54758893838214	-6.546980036001755
1.5535147925751935	-6.559755592340349
1.5594406467682471	-6.572531142174919
1.5653665009613007	-6.585306685151199
1.5712923551543543	-6.59808223279793
1.5772182093474079	-6.610857785450206
1.5831440635404614	-6.623633340828645
1.5890699177335132	-6.636408888802805
1.5949957719265668	-6.649184432814504
1.6009216261196204	-6.661959981634416
1.606847480312674	-6.674735535390544
1.6127733345057276	-6.687511089056322
1.6186991886987794	-6.700286635330865
1.6246250428918347	-6.713062180484911
1.6305508970848868	-6.725837730547687
1.6364767512779401	-6.738613285453859
1.642402605470994	-6.751388837440833
1.6483284596640473	-6.764164382042839
1.654254313857101	-6.776939928360445
1.6601801680501527	-6.789715479679004
1.6661060222432063	-6.802491035732132
1.6720318764362598	-6.815266586010096
1.6779577306293136	-6.8280421288664686
1.683883584822367	-6.84081767621381
1.6898094390154206	-6.853593228576481
1.6957352932084742	-6.866368784353929
1.7016611474015262	-6.879144332721836
1.7075870015945795	-6.891919876427988
1.7135128557876331	-6.90469542491957
1.7194387099806867	-6.917470978373397
1.7253645641737405	-6.9302465324369
1.731290418366792	-6.94302207911136
1.7372162725598475	-6.955797623970353
1.7431421267528993	-6.968573173717196
1.7490679809459528	-6.981348728334341
1.7549938351390064	-6.994124280733289
1.76091968933206	-7.006899825752158
1.7668455435251136	-7.019675371797176
1.7727713977181654	-7.032450922831134
1.778697251911219	-7.045226478639533
1.7846231061042725	-7.058002029390924
1.7905489602973261	-7.070777572747215
1.7964748144903797	-7.083553119930636
1.8024006686834315	-7.096328672145886
1.8083265228764869	-7.109104228472111
1.8142523770695387	-7.121879777391744
1.8201782312625925	-7.134655320958885
1.8261040854556458	-7.147430869297237
1.8320299396486994	-7.160206422631836
1.8379557938417532	-7.172981977282915
1.843881648034805	-7.185757524551912
1.8498075022278584	-7.19853306931248
1.855733356420912	-7.211308618938623
1.8616592106139656	-7.224084173456491
1.8675850648070191	-7.236859726447118
1.873510919000073	-7.249635272047511
1.8794367731931263	-7.26241081796446
1.885362627386178	-7.275186368833297
1.8912884815792317	-7.287961924486867
1.8972143357722853	-7.300737475768135
1.9031401899653388	-7.313513019644239
1.9090660441583924	-7.326288566645022
1.9149918983514442	-7.339064118654706
1.9209177525444996	-7.351839675296926
1.9268436067375516	-7.364615224659896
1.932769460930605	-7.377390767940733
1.9386953151236586	-7.390166315943957
1.9446211693167121	-7.402941868947937
1.9505470235097657	-7.41571742395146
1.9564728777028175	-7.428492971562145
1.962398731895871	-7.441268515959846
1.9683245860889247	-7.454044065195329
1.9742504402819783	-7.466819619344094
1.9801762944750319	-7.479595172661867
1.9861021486680857	-7.492370718588921
1.992028002861139	-7.5051462641362034
1.9979538570541908	-7.5179218146144615
2.0038797112472446	-7.530697369905879
2.009805565440298	-7.543472921529097
2.015731419633352	-7.556248465756939
2.0216572738264054	-7.569024012426688
2.027583128019457	-7.581799564101484
2.0335089822125108	-7.59457512045826
2.0394348364055643	-7.607350670264592
2.045360690598618	-7.620126213259108
2.0512865447916715	-7.632901760927185
2.057212398984725	-7.645677313600521
2.0631382531777787	-7.658452868956509
2.0690641073708305	-7.671228416908906
2.074989961563884	-7.684003960943719
2.0809158157569376	-7.696779509788513
2.086841669949991	-7.709555063568152
2.092767524143045	-7.722330617213091
2.0986933783360966	-7.735106163466828
2.104619232529152	-7.747881708644419
2.1105450867222038	-7.760657258732073
2.1164709409152573	-7.773432813661314
2.122396795108311	-7.786208365626506
2.1283226493013645	-7.7989839102061085
2.134248503494418	-7.811759456544799
2.14017435768747	-7.824535007884689
2.1461002118805252	-7.837310563955999
2.152026066073577	-7.850086114205723
2.1579519202666306	-7.862861657031426
2.1638777744596838	-7.8756372043896015
2.169803628652736	-7.8884127567612685
2.1757294828457914	-7.901188312502597
2.181655337038843	-7.913963860833454
2.1875811912318968	-7.926739404545863
2.1935070454249503	-7.939514953043999
2.199432899618004	-7.952290506501694
2.2053587538110575	-7.965066060523631
2.2112846080041093	-7.977841607155769
2.2172104621971647	-7.990617152016371
2.2231363163902165	-8.003392701766144
2.22906217058327	-8.016168256384857
2.2349880247763236	-8.028943808741461
2.2409138789693754	-8.041719353718799
2.246839733162431	-8.054494899767716
2.2527655873554826	-8.06727045080822
2.258691441548536	-8.080046006622824
2.2646172957415898	-8.092821557337157
2.2705431499346433	-8.105597100657379
2.276469004127697	-8.11837264784982
2.2823948583207487	-8.13114820007588
2.288320712513804	-8.143923756371382
2.294246566706856	-8.15669930526278
2.3001724208999095	-8.169474848848152
2.306098275092963	-8.182250397207849
2.3120241292860166	-8.195025950563505
2.31794998347907	-8.207801505192137
2.323875837672122	-8.220577052439372
2.3298016918651774	-8.23335259722305
2.335727546058229	-8.246128146874074
2.3416534002512828	-8.25890370141545
2.3475792544443363	-8.271679254385242
2.353505108637388	-8.28445479996483
2.3594309628304435	-8.297230345905321
2.3653568170234953	-8.310005896799035
2.371282671216549	-8.322781452475668
2.3772085254096025	-8.335557003735158
2.383134379602656	-8.348332547588862
2.3890602337957096	-8.361108094610728
2.3949860879887614	-8.373883646641739
2.400911942181817	-8.38665920330214
2.4068377963748686	-8.399434752636871
2.412763650567922	-8.412210295935942
2.4186895047609758	-8.424985843960515
2.4246153589540276	-8.43776139698555
2.430541213147083	-8.450536951966626
2.4364670673401347	-8.463312499555549
2.44239292153319	-8.476088043976361
2.448318775726242	-8.488863593236724
2.4542446299192955	-8.501639147409
2.460170484112349	-8.514414700705936
2.466096338305401	-8.527190246612184
2.4720221924984562	-8.539965792183011
2.477948046691508	-8.552741342686145
2.4838739008845616	-8.565516898000629
2.489799755077615	-8.578292449602069
2.4957256092706688	-8.591067993807506
2.5016514634637224	-8.603843540498339
2.507577317656774	-8.616619092194467
2.5135031718498295	-8.62939464856942
2.5194290260428813	-8.642170198347515
2.525354880235935	-8.654945741360267
2.5312807344289885	-8.667721289049691
2.5372065886220403	-8.680496841744084
2.5431324428150957	-8.693272397077624
2.5490582970081475	-8.706047945008256
2.554984151201201	-8.718823489066184
2.5609100053942546	-8.731599037935862
2.566835859587308	-8.74437459173901
2.572761713780362	-8.757150145363111
2.5786875679734136	-8.76992569159604
2.584613422166469	-8.78270123679718
2.5905392763595207	-8.79547678690971
2.5964651305525743	-8.808252341862019
2.602390984745628	-8.82102789380543
2.6083168389386815	-8.83380343836263
2.614242693131735	-8.846578984722406
2.620168547324787	-8.859354536083625
2.6260944015178422	-8.87213009217312
2.632020255710894	-8.884905642394601
2.6379461099039476	-8.897681185189638
2.643871964097001	-8.910456732558647
2.649797818290053	-8.923232284939306
2.6557236724831084	-8.936007840644516
2.66164952667616	-8.948783388938324
2.6675753808692138	-8.961558932656992
2.6735012350622673	-8.97433448116168
2.679427089255321	-8.987110034623242
2.6853529434483745	-8.999885588603615
2.6912787976414263	-9.012661135193433
2.6972046518344817	-9.025436680055645
2.7031305060275335	-9.038212229808343
2.709056360220587	-9.050987784428626
2.7149822144136406	-9.063763336742882
2.7209080686066924	-9.076538881678696
2.726833922799748	-9.08931442773151
2.7327597769927996	-9.102089978778555
2.738685631185853	-9.11486553459937
2.7446114853789068	-9.127641085276643
2.7505373395719603	-9.140416628560796
2.756463193765014	-9.153192175762253
2.7623890479580657	-9.165967727999128
2.768314902151121	-9.178743284263902
2.774240756344173	-9.191518833127066
2.7801666105372265	-9.204294376730676
2.78609246473028	-9.217069925111714
2.7920183189233336	-9.229845478488425
2.797944173116387	-9.242621033094613
2.803870027309439	-9.255396580320088
2.8097958815024944	-9.268172125126876
2.815721735695546	-9.280947674802777
2.8216475898885998	-9.29372322936766
2.8275734440816533	-9.306498782316618
2.833499298274705	-9.319274327875403
2.8394251524677605	-9.332049873839436
2.8453510066608123	-9.344825424758024
2.851276860853866	-9.357600980457722
2.8572027150469195	-9.370376531695433
2.863128569239973	-9.383152075526736
2.8690544234330266	-9.395927622569685
2.8749802776260784	-9.408703174622026
2.880906131819134	-9.421478731300606
2.8868319860121856	-9.434254280607101
2.892757840205239	-9.447029823924408
2.8986836943982928	-9.459805371970322
2.9046095485913446	-9.472580925016416
2.9105354027844	-9.485356479975044
2.9164612569774517	-9.498132027542203
2.922387111170507	-9.510907571986127
2.928312965363559	-9.523683121271375
2.9342388195566125	-9.536458675467156
2.940164673749666	-9.549234228743256
2.946090527942718	-9.562009774628699
2.952016382135773	-9.574785320223071
2.957942236328825	-9.587560870751082
2.9638680905218786	-9.60033642608863
2.969793944714932	-9.613111977668291
2.9757197989079858	-9.625887521851329
2.9816456531010394	-9.638663068563245
2.987571507294091	-9.6514386202807
2.9934973614871465	-9.664214176673836
2.9994232156801983	-9.676989726423692
3.005349069873252	-9.689765269454679
3.0112749240663055	-9.702540817165447
3.0172007782593573	-9.715316369880902
3.0231266324524126	-9.728091925191993
3.0290524866454644	-9.740867473100861
3.034978340838518	-9.7536430171819
3.0409041950315716	-9.76641856607646
3.046830049224625	-9.77919411990312
3.0527559034176788	-9.791969673506385
3.0586817576107306	-9.804745219718509
3.064607611803786	-9.817520764943191
3.0705334659968377	-9.8302963150806
3.0764593201898913	-9.843071870055976
3.082385174382945	-9.85584742197761
3.0883110285759985	-9.868622966512401
3.094236882769052	-9.881398512893263
3.100162736962104	-9.894174064275816
3.1060885911551592	-9.906949620383488
3.112014445348211	-9.919725170576731
3.1179402995412646	-9.9325007133411
3.123866153734318	-9.945276260720942
3.12979200792737	-9.958051813110599
3.1357178621204254	-9.970827368779686
3.141643716313477	-9.983602917036446
3.1475695705065307	-9.99637846076137
3.1534954246995843	-10.009154009272612
3.159421278892638	-10.021929562738045
3.1653471330856915	-10.03470511667685
3.1712729872787433	-10.047480663224349
3.1771988414717987	-10.060256208088164
3.1831246956648505	-10.073031757843799
3.189050549857904	-10.085807312465645
3.1949764040509576	-10.098582864737558
3.2009022582440094	-10.111358409631844
3.206828112437065	-10.124133955688558
3.2127539666301166	-10.136909506742144
3.21867982082317	-10.149685062569166
3.2246056750162237	-10.162460613209381
3.2305315292092773	-10.17523615645747
3.236457383402331	-10.188011703667941
3.2423832375953827	-10.200787255915628
3.248309091788438	-10.213562812149679
3.25423494598149	-10.22633836098461
3.2601608001745435	-10.239113904606452
3.266086654367597	-10.25188945300883
3.2720125085606506	-10.264665006406599
3.277938362753704	-10.27744056099034
3.283864216946756	-10.290216108194056
3.2897900711398114	-10.302991653023952
3.295715925332863	-10.315767202724738
3.3016417795259168	-10.328542757313127
3.3075676337189703	-10.341318310241247
3.313493487912022	-10.354093855779228
3.3194193421050775	-10.366869401766804
3.3253451962981293	-10.379644952710269
3.331271050491183	-10.39242050843303
3.3371969046842365	-10.405196059648965
3.34312275887729	-10.417971603457865
3.3490486130703436	-10.430747150521897
3.3549744672633954	-10.443522702595564
3.360900321456451	-10.456298259292323
3.3668261756495026	-10.469073808570581
3.372752029842556	-10.481849351906124
3.3786778840356098	-10.494624899973383
3.3846037382286616	-10.507400453040535
3.390529592421717	-10.520176007976714
3.3964554466147687	-10.532951555522112
3.4023813008078223	-10.545727099989147
3.408307155000876	-10.558502649299275
3.4142330091939295	-10.571278203518567
3.420158863386983	-10.58405375677383
3.426084717580035	-10.596829302638467
3.43201057177309	-10.609604848256382
3.437936425966142	-10.62238039880927
3.4438622801591956	-10.635155954169884
3.449788134352249	-10.647931505727767
3.4557139885453028	-10.660707049888401
3.4616398427383563	-10.673482596621401
3.467565696931408	-10.686258148360185
3.4734915511244635	-10.6990337047715
3.4794174053175153	-10.711809254493119
3.485343259510569	-10.724584797542343
3.4912691137036225	-10.737360345274457
3.4971949678966743	-10.75013589801097
3.5031208220897296	-10.762911453299614
3.5090466762827814	-10.775687001186718
3.514972530475835	-10.78846254529087
3.5208983846688886	-10.801238094210314
3.526824238861942	-10.814013648060481
3.5327500930549958	-10.826789201642908
3.5386759472480476	-10.839564747834224
3.544601801441103	-10.852340293082456
3.5505276556341547	-10.865115843244741
3.5564535098272083	-10.877891398243188
3.562379364020262	-10.890666950143036
3.5683052182133137	-10.903442494655426
3.574231072406369	-10.916218041057373
3.580156926599421	-10.928993592461257
3.586082780792476	-10.94176914858711
3.592008634985528	-10.954544698752112
3.5979344891785816	-10.967320241515
3.603860343371635	-10.98009578891195
3.609786197564687	-10.992871341317803
3.6157120517577424	-11.00564689695893
3.621637905950794	-11.018422445187763
3.6275637601438477	-11.031197988929005
3.6334896143369013	-11.043973537457742
3.639415468529955	-11.056749090938766
3.6453413227230085	-11.069524644848377
3.6512671769160603	-11.082300191366393
3.6571930311091156	-11.095075736244912
3.6631188853021674	-11.107851286016572
3.669044739495221	-11.120626840652822
3.6749705936882746	-11.133402392894665
3.6808964478813264	-11.146177937758832
3.6868223020743818	-11.158953483829706
3.6927481562674336	-11.171729034898663
3.698674010460487	-11.184504590739035
3.7045998646535407	-11.197280141347456
3.7105257188465943	-11.210055684562697
3.716451573039648	-11.222831231783271
3.7223774272326997	-11.235606784040685
3.728303281425755	-11.248382340240791
3.734229135618807	-11.261157889042224
3.7401549898118605	-11.273933432675154
3.746080844004914	-11.28670898109005
3.7520066981979676	-11.299484534498617
3.757932552391021	-11.312260089048497
3.763858406584073	-11.325035636218178
3.7697842607771284	-11.337811181058353
3.77571011497018	-11.350586730770916
3.7816359691632337	-11.363362285369718
3.7875618233562873	-11.376137838264167
3.793487677549339	-11.388913383768973
3.7994135317423945	-11.401688929768369
3.8053393859354463	-11.414464480725766
3.8112652401285	-11.427240036461534
3.8171910943215535	-11.440015587646569
3.823116948514607	-11.45279113142491
3.8290428027076606	-11.465566678502823
3.8349686569007124	-11.478342230591542
3.840894511093768	-11.491117787277291
3.8468203652868196	-11.503893336527316
3.852746219479873	-11.516668879881092
3.8586720736729268	-11.529444427969695
3.8645979278659786	-11.542219981057903
3.870523782059034	-11.554995535971637
3.8764496362520857	-11.567771083495273
3.8823754904451393	-11.58054662798542
3.888301344638193	-11.593250442320718
3.8942271988312465	-11.605867107282663
3.9001530530243	-11.618378922715324
3.906078907217352	-11.630765836231864
3.912004761410407	-11.643005434456207
3.917930615603459	-11.65507299557092
3.9238564697965126	-11.666941634241734
3.929782323989566	-11.678582532513127
3.9357081781826198	-11.68996529014611
3.9416340323756733	-11.701058356934592
3.947559886568725	-11.711829556479522
3.9534857407617805	-11.72224669570768
3.9594115949548323	-11.73227822953958
3.965337449147886	-11.741894001090113
3.9712633033409395	-11.751065966403797
3.9771891575339913	-11.759768917863866
3.9831150117270466	-11.767981163813651
3.9890408659200984	-11.775685132404812
3.994966720113152	-11.782867895588488
4.000892574306206	-11.78952153937524