-1.3672198353447969	-3.807602938701011
-1.3613912659789071	-3.639605361809239
-1.3555626966130165	-3.4687063324209535
-1.3497341272471268	-3.296232312672951
-1.3439055578812362	-3.123492059399001
-1.3380769885153465	-2.951720043564869
-1.332248419149456	-2.782168984539312
-1.3264198497835662	-2.6160387400238436
-1.3205912804176756	-2.4544382969134815
-1.3147627110517859	-2.2983469387609525
-1.3089341416858962	-2.1485269175678208
-1.3031055723200056	-2.0055542936618234
-1.297277002954115	-1.8699400417988887
-1.2914484335882253	-1.7421354242568936
-1.2856198642223355	-1.622420563120697
-1.279791294856445	-1.5108683975465174
-1.2739627254905552	-1.4073666398055897
-1.2681341561246646	-1.3116463160284098
-1.262305586758775	-1.2234098021588604
-1.2564770173928843	-1.1424653153885422
-1.2506484480269946	-1.0688039904937425
-1.244819878661104	-1.0027057187856474
-1.2389913092952143	-0.944033778151714
-1.2331627399293237	-0.8916016944795218
-1.227334170563434	-0.8441384586986421
-1.2215056011975443	-0.8007039042656499
-1.2156770318316537	-0.7606258640141429
-1.209848462465764	-0.7234194680444228
-1.2040198930998733	-0.6886628594289234
-1.1981913237339836	-0.6559739416414019
-1.192362754368093	-0.6249975843970477
-1.1865341850022033	-0.595443375545512
-1.1807056156363127	-0.5671438587952881
-1.174877046270423	-0.5400157888633551
-1.1690484769045324	-0.5139785828903127
-1.1632199075386427	-0.48896653735447315
-1.157391338172753	-0.46496466675352766
-1.1515627688068624	-0.4419641620757956
-1.1457341994409718	-0.41990870721759077
-1.139905630075082	-0.39875107861528536
-1.1340770607091923	-0.3784765441833669
-1.1282484913433017	-0.3591286256755216
-1.122419921977412	-0.3407720742361509
-1.1165913526115214	-0.3234452030614232
-1.1107627832456317	-0.3071539331222328
-1.1049342138797411	-0.29191504902771437
-1.0991056445138514	-0.27777334047206603
-1.0932770751479608	-0.2647830591072189
-1.087448505782071	-0.25295284374944765
-1.0816199364161805	-0.24223240432828302
-1.0757913670502908	-0.23256358309266167
-1.069962797684401	-0.2239239723824064
-1.0641342283185105	-0.21630166137999904
-1.0583056589526207	-0.20962871257089194
-1.0524770895867301	-0.20380427164452222
-1.0466485202208404	-0.19876794447025875
-1.0408199508549498	-0.19453570703729045
-1.0349913814890601	-0.19115688574242415
-1.0291628121231695	-0.1886688174143556
-1.0233342427572798	-0.18705612355463588
-1.0175056733913892	-0.18628588962937312
-1.0116771040254995	-0.18633707783534104
-1.0058485346596098	-0.18722603399482887
-1.0000199652937192	-0.1889942510332282
-0.9941913959278286	-0.19168543812061759
-0.9883628265619389	-0.19533389620020458
-0.9825342571960491	-0.19989347697825405
-0.9767056878301585	-0.20524828897700254
-0.9708771184642689	-0.2112494757635826
-0.9650485490983783	-0.21778578318681158
-0.9592199797324886	-0.22482484002828482
-0.953391410366598	-0.23238599077217176
-0.9475628410007082	-0.24047350687995134
-0.9417342716348176	-0.24907098712322975
-0.9359057022689279	-0.25815810180065635
-0.9300771329030374	-0.2677462218485646
-0.9242485635371477	-0.27786302352044523
-0.9184199941712579	-0.2885388962341314
-0.9125914248053674	-0.2997900771432477
-0.9067628554394777	-0.3116217262747065
-0.900934286073587	-0.32401512387401143
-0.8951057167076972	-0.33693017580332363
-0.8892771473418066	-0.35031518243878573
-0.883448577975917	-0.3641024630886436
-0.8776200086100264	-0.37825246289913445
-0.8717914392441366	-0.39274695187436215
-0.8659628698782461	-0.4075759108877021
-0.8601343005123564	-0.4227311623379364
-0.8543057311464667	-0.4381971607691166
-0.8484771617805761	-0.4539727356188601
-0.8426485924146855	-0.47008038973485305
-0.8368200230487957	-0.48655657584654033
-0.8309914536829061	-0.5034326017856395
-0.8251628843170155	-0.5207200274583116
-0.8193343149511256	-0.5384059480592424
-0.8135057455852351	-0.5564558865399429
-0.8076771762193453	-0.5748172440544312
-0.8018486068534547	-0.5934370304573316
-0.796020037487565	-0.6122870492892174
-0.7901914681216754	-0.6313662409205758
-0.7843628987557848	-0.6506851190452762
-0.7785343293898942	-0.6702219707806041
-0.7727057600240045	-0.689923811709173
-0.7668771906581147	-0.7097036239681263
-0.7610486212922242	-0.7294924327030599
-0.7552200519263343	-0.7492616728297596
-0.7493914825604437	-0.7690255909580754
-0.743562913194554	-0.7888194434381688
-0.7377343438286635	-0.8086658950869017
-0.7319057744627738	-0.8285640992007928
-0.7260772050968831	-0.8484979105881575
-0.7202486357309935	-0.8684338108541012
-0.7144200663651029	-0.888319545982738
-0.7085914969992131	-0.9081009807137741
-0.7027629276333234	-0.9277317366204721
-0.6969343582674328	-0.9471799641602177
-0.6911057889015422	-0.9664197709758002
-0.6852772195356525	-0.9854376230093558
-0.6794486501697629	-1.0042195024230802
-0.6736200808038723	-1.022762393225246
-0.6677915114379825	-1.0410679656426662
-0.6619629420720919	-1.0591575650256708
-0.6561343727062021	-1.0770642462242606
-0.6503058033403116	-1.094812609871504
-0.6444772339744219	-1.1124186799829145
-0.6386486646085321	-1.1298773195933776
-0.6328200952426416	-1.1471870375852038
-0.626991525876751	-1.1643584720253313
-0.6211629565108612	-1.1814108260952334
-0.6153343871449716	-1.1983650577591913
-0.6095058177790809	-1.215231739295339
-0.6036772484131911	-1.2320130407000125
-0.5978486790473005	-1.2487101655370048
-0.5920201096814108	-1.2653361448705474
-0.5861915403155202	-1.2819158918599467
-0.5803629709496305	-1.2984824705969698
-0.57453440158374	-1.3150616003132485
-0.5687058322178502	-1.3316691673817669
-0.5628772628519596	-1.348306582825792
-0.5570486934860699	-1.364959661799121
-0.5512201241201802	-1.381613591580613
-0.5453915547542897	-1.398263285716149
-0.539562985388399	-1.4149139841573266
-0.5337344160225093	-1.4315698406640438
-0.5279058466566195	-1.4482378041326063
-0.522077277290729	-1.4649133271211572
-0.5162487079248392	-1.4815811134158676
-0.5104201385589486	-1.4982152933275663
-0.504591569193059	-1.5147896627468789
-0.4987629998271684	-1.5312872796625103
-0.49293443046127866	-1.5477000697273882
-0.48710586109538895	-1.5640286689204617
-0.48127729172949835	-1.580275684708514
-0.47544872236360775	-1.5964437305931507
-0.469620152997718	-1.6125276467083203
-0.46379158363182826	-1.628514484320605
-0.4579630142659377	-1.6443885059260637
-0.45213444490004806	-1.6601410051233334
-0.4463058755341574	-1.6757655696286478
-0.44047730616826763	-1.6912612570326226
-0.4346487368023771	-1.70662975595077
-0.4288201674364874	-1.7218799045751954
-0.4229915980705977	-1.7370210013897645
-0.417163028704707	-1.7520604202250327
-0.4113344593388164	-1.7669985356493696
-0.40550588997292675	-1.7818386074601174
-0.39967732060703703	-1.7965816025711294
-0.39384875124114643	-1.8112322738904156
-0.38802018187525583	-1.8257901314863836
-0.3821916125093661	-1.8402531750262152
-0.3763630431434764	-1.854623193671933
-0.3705344737775858	-1.8689077194049468
-0.3647059044116961	-1.8831124022481789
-0.3588773350458055	-1.8972419227914408
-0.3530487656799157	-1.9112963703027261
-0.3472201963140252	-1.9252782704691729
-0.34139162694813546	-1.9391904580744024
-0.33556305758224575	-1.9530397843834364
-0.32973448821635515	-1.966833198797761
-0.32390591885046455	-1.9805749588041186
-0.31807734948457483	-1.9942707030032065
-0.3122487801186851	-2.007924705356083
-0.3064202107527945	-2.0215432837869574
-0.30059164138690475	-2.035130939977331
-0.2947630720210142	-2.0486878292457242
-0.28893450265512444	-2.06221235746907
-0.2831059332892339	-2.0756992241387904
-0.27727736392334423	-2.0891436426568135
-0.27144879455745446	-2.1025411223736126
-0.2656202251915638	-2.115889542931471
-0.25979165582567326	-2.129188560938633
-0.2539630864597835	-2.1424380655711524
-0.24813451709389384	-2.1556369120041023
-0.24230594772800326	-2.1687861660824144
-0.23647737836211266	-2.181891343870947
-0.23064880899622286	-2.1949597878341955
-0.2248202396303332	-2.2079984099892433
-0.21899167026444263	-2.22101561350099
-0.21316310089855292	-2.2340164950383117
-0.20733453153266224	-2.2470049723330536
-0.20150596216677252	-2.2599849879624516
-0.19567739280088198	-2.2729596013276603
-0.18984882343499226	-2.285931288996627
-0.1840202540691026	-2.298901749514581
-0.17819168470321195	-2.311872453909349
-0.17236311533732135	-2.3248479463345775
-0.1665345459714316	-2.3378338977497606
-0.1607059766055419	-2.35083490207435
-0.1548774072396513	-2.363854844946869
-0.14904883787376158	-2.3769000035031906
-0.143220268507871	-2.3899755656178403
-0.1373916991419813	-2.4030850514602955
-0.13156312977609064	-2.4162309000385673
-0.12573456041020092	-2.4294168153417153
-0.11990599104431122	-2.442646053666021
-0.11407742167842062	-2.455922982751951
-0.10824885231253002	-2.4692486732408563
-0.10242028294664036	-2.4826271694608266
-0.09659171358075064	-2.496058290175056
-0.09076314421486004	-2.509540960616015
-0.08493457484897031	-2.523074061576531
-0.0791060054830797	-2.5366556726551908
-0.07327743611718995	-2.5502823951033458
-0.06744886675129942	-2.563949138782008
-0.061620297385409695	-2.5776485373160782
-0.055791728019519045	-2.5913749345930155
-0.04996315865362939	-2.6051205479575072
-0.04413458928773877	-2.6188773488152517
-0.038306019921849024	-2.632638466789589
-0.0324774505559593	-2.6463964109772355
-0.02664888119006873	-2.6601441340165
-0.020820311824178116	-2.673874092392603
-0.01499174245828842	-2.6875809163453717
-0.00916317309239873	-2.7012589898077737
-0.003334603726508078	-2.7149022638380558
0.0024939656393815407	-2.728504626015416
0.008322535005272209	-2.7420577269625612
0.014151104371161901	-2.755555255617124
0.019979673737052495	-2.7689911144898556
0.02580824310294219	-2.782360173328075
0.03163681246883199	-2.7956576081465823
0.03746538183472258	-2.8088788415682804
0.043293951200613114	-2.8220192770423176
0.049122520566502806	-2.8350759281360443
0.054951089932392574	-2.8480464479002796
0.06077965929828321	-2.860928316339069
0.0666082286641729	-2.8737189884456433
0.07243679803006353	-2.8864165408701052
0.07826536739595315	-2.899021767282762
0.08409393676184383	-2.9115362864276113
0.08992250612773356	-2.9239650044572185
0.09575107549362412	-2.936315430274412
0.10157964485951385	-2.9485963150333845
0.10740821422540443	-2.960817923023455
0.11323678359129422	-2.972990899732889
0.11906535295718386	-2.985126824986849
0.12489392232307446	-2.9972367012373518
0.13072249168896508	-3.009334538014811
0.1365510610548547	-3.021432407519917
0.1423796304207445	-3.0335442901145395
0.14820819978663505	-3.0456832574545083
0.1540367691525248	-3.0578608859460505
0.15986533851841536	-3.0700878266404548
0.1656939078843051	-3.0823741423437845
0.17152247725019568	-3.094728197354012
0.17735104661608544	-3.1071572632583306
0.18317961598197513	-3.1196657865204522
0.18900818534786573	-3.1322569543237533
0.19483675471375636	-3.144931712732876
0.20066532407964605	-3.157688664170775
0.20649389344553576	-3.170541284702501
0.21232246281142642	-3.183471251492822
0.21815103217731702	-3.196473035702726
0.22397960154320667	-3.209539783735963
0.2298081709090964	-3.222664387166301
0.235636740274987	-3.2358402505172257
0.24146530964087667	-3.249060384992738
0.24729387900676641	-3.262317573488225
0.253122448372657	-3.2756037581502073
0.2589510177385476	-3.288910263077585
0.26477958710443733	-3.302228320256805
0.27060815647032704	-3.3155496914879956
0.27643672583621764	-3.328867439031244
0.28226529520210825	-3.3421754126579373
0.28809386456799796	-3.355468356551904
0.2939224339338877	-3.368741690149038
0.2997510032997783	-3.381991561190627
0.30557957266566804	-3.3952151447759356
0.3114081420315577	-3.40841030962544
0.3172367113974483	-3.421575728184492
0.32306528076333896	-3.434710574088623
0.3288938501292286	-3.447814250598003
0.33472241949511833	-3.460886725755916
0.34055098886100893	-3.473928324660887
0.34637955822689953	-3.4869398144585158
0.3522081275927893	-3.4999227843425795
0.358036696958679	-3.512879177508548
0.36386526632456956	-3.5258114174138786
0.36969383569046016	-3.53872206928232
0.37552240505634993	-3.551613788395454
0.3813509744222396	-3.5644891764617976
0.3871795437881302	-3.5773507335167576
0.3930081131540199	-3.5902011469913293
0.3988366825199096	-3.6030431298878076
0.4046652518858002	-3.615879230503817
0.4104938212516908	-3.6287118468498845
0.4163223906175806	-3.6415432613781378
0.4221509599834702	-3.6543754164838163
0.4279795293493609	-3.6672097894138234
0.4338080987152515	-3.6800479017171246
0.4396366680811412	-3.692891285563498
0.44546523744703087	-3.7057281208087556
0.45129380681292147	-3.7185760917913533
0.4571223761788112	-3.7314349671202263
0.4629509455447009	-3.7443044341945058
0.46877951491059144	-3.7571839070665063
0.4746080842764821	-3.7700726822416732
0.4804366536423718	-3.7829700860514874
0.4862652230082615	-3.7958755524261782
0.49209379237415213	-3.8087883892553105
0.49792236174004273	-3.8217081221916755
0.5037509311059333	-3.8346342738383465
0.5095795004718222	-3.8475663637222515
0.5154080698377127	-3.860503927462986
0.5212366392036034	-3.873446444206072
0.5270652085694922	-3.886393152025274
0.5328937779353827	-3.8993433608909984
0.5387223473012733	-3.912296581625298
0.5445509166671623	-3.925252170324274
0.5503794860330529	-3.938209742045749
0.5562080553989435	-3.951168917151166
0.5620366247648341	-3.9641293417450028
0.5678651941307247	-3.9770907344540696
0.5736937634966135	-3.990052671212869
0.5795223328625041	-4.00301496364951
0.5853509022283947	-4.015977427214539
0.5911794715942835	-4.028939787306699
0.5970080409601741	-4.041902142775432
0.6028366103260646	-4.0548644975400725
0.6086651796919534	-4.067826851457427
0.614493749057844	-4.080789205839787
0.6203223184237346	-4.093751561923314
0.6261508877896252	-4.106713917052976
0.631979457155516	-4.119676271499079
0.6378080265214048	-4.132638624684638
0.6436365958872954	-4.145600981494976
0.649465165253186	-4.158563336920912
0.6552937346190748	-4.171525691646224
0.6611223039849653	-4.184488045506249
0.6669508733508559	-4.197450400045035
0.6727794427167466	-4.210412756071139
0.6786080120826354	-4.223375111161454
0.684436581448526	-4.236337465564806
0.6902651508144165	-4.249299818682679
0.6960937201803072	-4.26226217542517
0.701922289546196	-4.2752245308083126
0.7077508589120866	-4.288186885494295
0.7135794282779772	-4.301149239296997
0.719407997643866	-4.314111593992202
0.7252365670097566	-4.327073949960884
0.7310651363756473	-4.340036305011854
0.7368937057415379	-4.352998659372459
0.7427222751074285	-4.365961012422648
0.7485508444733173	-4.378923369097294
0.7543794138392078	-4.391885724437646
0.7602079832050984	-4.404848079084301
0.7660365525709872	-4.41781043282968
0.771865121936878	-4.430772787681297
0.7776936913027686	-4.443735143592561
0.7835222606686573	-4.456697498604187
0.789350830034548	-4.469659852922046
0.7951793994004386	-4.482622205904555
0.8010079687663292	-4.49558456251136
0.8068365381322197	-4.508546917808922
0.8126651074981085	-4.521509272416253
0.8184936768639992	-4.534471626104311
0.8243222462298898	-4.547433981112334
0.8301508155957786	-4.560396336966182
0.8359793849616691	-4.573358691938467
0.8418079543275598	-4.58632104621358
0.8476365236934487	-4.599283399128412
0.8534650930593392	-4.61224575566738
0.8592936624252298	-4.625208110922155
0.8651222317911205	-4.638170465490161
0.870950801157011	-4.6511328191209
0.8767793705228998	-4.664095174285322
0.8826079398887905	-4.677057530081757
0.8884365092546811	-4.690019885014703
0.8942650786205699	-4.702982239247073
0.9000936479864604	-4.71594459209423
0.9059222173523511	-4.728906948565363
0.91175078671824	-4.741869303777351
0.9175793560841305	-4.754831658306036
0.923407925450021	-4.767794011879461
0.9292364948159118	-4.780756367200274
0.9350650641818022	-4.793718722939298
0.9408936335476912	-4.8066810778329065
0.9467222029135818	-4.819643432022536
0.9525507722794724	-4.832605784802022
0.9583793416453611	-4.845568141205324
0.9642079110112517	-4.858530496374528
0.9700364803771424	-4.871492850863892
0.9758650497430311	-4.8844552043800045
0.9816936191089218	-4.897417559857202
0.9875221884748124	-4.910379915538817
0.993350757840703	-4.923342270393089
0.9991793272065936	-4.93630462453998
1.0050078965724825	-4.949266977251797
1.010836465938373	-4.962229333587271
1.0166650353042637	-4.975191688713693
1.0224936046701525	-4.988154043163739
1.028322174036043	-5.001116396622542
1.0341507434019337	-5.0140787522561165
1.0399793127678243	-5.027041107880326
1.045807882133715	-5.040003462695263
1.0516364514996037	-5.052965816799418
1.0574650208654943	-5.065928169443569
1.063293590231385	-5.078890525711218
1.0691221595972737	-5.091852880794859
1.0749507289631643	-5.104815235205589
1.080779298329055	-5.117777588607084
1.0866078676949438	-5.130739944397029
1.0924364370608344	-5.143702299963834
1.098265006426725	-5.156664654739439
1.1040935757926156	-5.169627008800858
1.1099221451585062	-5.182589361377348
1.115750714524395	-5.195551717577175
1.1215792838902856	-5.208514072618035
1.1274078532561762	-5.22147642698945
1.133236422622065	-5.234438780333641
1.1390649919879556	-5.24740113627995
1.1448935613538462	-5.260363491789356
1.150722130719735	-5.273325846525629
1.1565507000856257	-5.286288200544314
1.1623792694515163	-5.29925055307892
1.1682078388174069	-5.312212909216468
1.1740364081832975	-5.3251752642209125
1.1798649775491863	-5.338137618560219
1.185693546915077	-5.351099971855161
1.1915221162809675	-5.364062327966712
1.1973506856468563	-5.377024683428379
1.203179255012747	-5.389987038135677
1.2090078243786375	-5.402949392122554
1.2148363937445263	-5.415911744854285
1.220664963110417	-5.428874100990066
1.2264935324763075	-5.441836456025831
1.2323221018421981	-5.454798810407995
1.2381506712080887	-5.467761163735677
1.2439792405739776	-5.480723520101012
1.2498078099398682	-5.4936858756093425
1.2556363793057588	-5.506648230386907
1.2614649486716476	-5.519610584444776
1.2672935180375382	-5.532572937478414
1.2731220874034288	-5.545535293717407
1.2789506567693176	-5.5584976488876325
1.2847792261352082	-5.571460003411789
1.2906077955010988	-5.5844223568650895
1.2964363648669894	-5.5973847135685695
1.30226493423288	-5.610347069197265
1.3080935035987689	-5.623309424106143
1.3139220729646595	-5.636271778281693
1.31975064233055	-5.6492341316481935
1.3255792116964389	-5.662196488004681
1.3314077810623295	-5.675158843306491
1.33723635042822	-5.688121197952605
1.3430649197941107	-5.701083551494827
1.3488934891600013	-5.714045908484056
1.3547220585258901	-5.727008264166434
1.3605506278917807	-5.739970619127423
1.3663791972576713	-5.752932973330971
1.3722077666235601	-5.765895326932416
1.3780363359894507	-5.778857683302614
1.3838649053553413	-5.791820038628704
1.3896934747212302	-5.804782393288227
1.3955220440871208	-5.817744746811692
1.4013506134530114	-5.830707103960735
1.407179182818902	-5.843669459600308
1.4130077521847926	-5.8566318145219585
1.4188363215506814	-5.869594168668166
1.424664890916572	-5.8825565224260705
1.4304934602824626	-5.895518878738833
1.4363220296483514	-5.908481234025568
1.442150599014242	-5.921443588642331
1.4479791683801326	-5.934405942098095
1.4538077377460215	-5.947368299179277
1.459636307111912	-5.960330654776047
1.4654648764778027	-5.9732930096583585
1.4712934458436933	-5.986255363747229
1.4771220152095839	-5.999217717661586
1.4829505845754727	-6.012180073916916
1.4887791539413633	-6.025142429164297
1.4946077233072539	-6.0381047837383015
1.5004362926731427	-6.051067137126369
1.5062648620390333	-6.064029494139691
1.512093431404924	-6.076991849693658
1.5179220007708127	-6.089954204536635
1.5237505701367033	-6.102916558568171
1.529579139502594	-6.1158789126389745
1.5354077088684845	-6.128841268836873
1.5412362782343751	-6.141803624044902
1.547064847600264	-6.154765978576153
1.5528934169661546	-6.167728331896522
1.5587219863320452	-6.180690688841989
1.564550555697934	-6.193653044353159
1.5703791250638246	-6.206615399156802
1.5762076944297152	-6.219577753131004
1.582036263795604	-6.232540107358249
1.5878648331614946	-6.245502463498718
1.5936934025273852	-6.258464818667395
1.5995219718932758	-6.2714271731558915
1.6053505412591664	-6.28438952640857
1.6111791106250553	-6.297351883286185
1.6170076799909459	-6.3103142387545565
1.6228362493568365	-6.323276593518868
1.6286648187227253	-6.33623894743574
1.6344933880886159	-6.349201301819416
1.6403219574545065	-6.362163657902459
1.6461505268203969	-6.375126013031791
1.651979096186286	-6.388088367477534
1.6578076655521765	-6.401050720662523
1.6636362349180671	-6.414013077472288
1.6694648042839577	-6.426975432897864
1.6752933736498465	-6.439937787622845
1.6811219430157371	-6.452900141482388
1.6869505123816277	-6.465862496022491
1.6927790817475166	-6.4788248520481115
1.6986076511134072	-6.491787207138096
1.7044362204792978	-6.504749561541089
1.7102647898451884	-6.51771191465839
1.716093359211079	-6.53067427140031
1.7219219285769678	-6.543636626783093
1.7277504979428584	-6.556598981468743
1.733579067308749	-6.569561335270962
1.7394076366746378	-6.582523689967485
1.7452362060405284	-6.595486045935683
1.751064775406419	-6.6084484009863225
1.7568933447723079	-6.6214107553465675
1.7627219141381985	-6.634373108396186
1.768550483504089	-6.647335465070262
1.7743790528699797	-6.660297820410253
1.7802076222358703	-6.673260175056576
1.786036191601759	-6.686222528801474
1.7918647609676497	-6.699184883654409
1.7976933303335403	-6.712147239565188
1.803521899699429	-6.725109594576484
1.8093504690653197	-6.738071948893982
1.8151790384312103	-6.751034301875921
1.8210076077970991	-6.763996658482156
1.8268361771629897	-6.776959013779357
1.8326647465288803	-6.789921368386356
1.838493315894771	-6.802883722073932
1.8443218852606615	-6.815846077083272
1.8501504546265504	-6.828808432936635
1.855979023992441	-6.84177078790859
1.8618075933583316	-6.854733142183344
1.8676361627242204	-6.867695495097605
1.873464732090111	-6.880657851636003
1.8792933014560016	-6.893620206890416
1.8851218708218904	-6.906582561458093
1.890950440187781	-6.919544915088349
1.8967790095536716	-6.932507270254088
1.9026075789195622	-6.945469626050038
1.9084361482854528	-6.9584319809826525
1.9142647176513417	-6.971394335214663
1.9200932870172323	-6.984356688061251
1.9259218563831229	-6.997319044531814
1.9317504257490117	-7.010281399743443
1.9375789951149023	-7.023243754271795
1.9434075644807929	-7.036206107844738
1.9492361338466817	-7.049168463166868
1.9550647032125723	-7.062130818905408
1.960893272578463	-7.075093173798685
1.9667218419443535	-7.0880555279879545
1.9725504113102441	-7.101017880766871
1.978378980676133	-7.113980237169602
1.9842075500420235	-7.1269425923384455
1.9900361194079141	-7.139904946827479
1.995864688773803	-7.152867300343109
2.0016932581396936	-7.165829655821623
2.007521827505584	-7.178792011502755
2.0133503968714748	-7.191754366356696
2.0191789662373654	-7.204716720503227
2.025007535603254	-7.217679073214475
2.030836104969145	-7.230641429549378
2.0366646743350354	-7.243603784675438
2.042493243700924	-7.2565661391251535
2.048321813066815	-7.269528492583474
2.0541503824327054	-7.282490848218366
2.0599789517985942	-7.295453203842092
2.065807521164485	-7.308415558656698
2.0716360905303755	-7.321377912760492
2.077464659896266	-7.334340265404073
2.0832932292621567	-7.347302621671151
2.0891217986280455	-7.360264976754432
2.094950367993936	-7.373227331164831
2.1007789373598267	-7.386189684565844
2.1066075067257155	-7.399152040357106
2.112436076091606	-7.412114395923428
2.1182646454574967	-7.425076750698701
2.1240932148233855	-7.438039104759762
2.129921784189276	-7.45100145733568
2.1357503535551667	-7.463963813534935
2.1415789229210573	-7.476926168575436
2.147407492286948	-7.489888522946521
2.1532360616528368	-7.502850876290229
2.1590646310187274	-7.515813232237855
2.164893200384618	-7.528775587746777
2.170721769750507	-7.541737942482719
2.1765503391163974	-7.5547002965010455
2.182378908482288	-7.5676626490372145
2.188207477848177	-7.5806250051746495
2.194036047214069	-7.593587360179262
2.199864616579958	-7.606549714518833
2.2056931859458486	-7.619512067813959
2.2115217553117392	-7.632474423927562
2.217350324677628	-7.645436779389548
2.2231788940435186	-7.658399134097371
2.2290074634094093	-7.671361488084793
2.234836032775298	-7.684323840819025
2.2406646021411887	-7.69728619695565
2.2464931715070793	-7.710248551992539
2.252321740872968	-7.723210906375908
2.2581503102388605	-7.736173259704671
2.2639788796047493	-7.749135616072892
2.26980744897064	-7.76209797158229
2.2756360183365305	-7.775060326361024
2.2814645877024193	-7.788022680419961
2.28729315706831	-7.800985033456488
2.2931217264342005	-7.813947389696559
2.2989502958000894	-7.826909744867988
2.30477886516598	-7.83987209939327
2.3106074345318706	-7.852834452847416
2.3164360038977594	-7.865796809553398
2.3222645732636518	-7.878759165182636
2.3280931426295406	-7.891721520092041
2.333921711995431	-7.904683874267907
2.339750281361322	-7.917646227636459
2.3455788507272106	-7.9306085839931315
2.351407420093101	-7.943570939295205
2.357235989458992	-7.956533293941488
2.3630645588248806	-7.969495647483598
2.3688931281907712	-7.982458004474389
2.374721697556662	-7.995420360156406
2.3805502669225507	-8.008382715117065
2.386378836288443	-8.02134506932013
2.392207405654332	-8.03430742292289
2.3980359750202225	-8.047269779292606
2.403864544386113	-8.060232134618365
2.409693113752002	-8.073194489277528
2.4155216831178925	-8.086156842800424
2.421350252483783	-8.099119199948895
2.427178821849672	-8.112081555588109
2.4330073912155625	-8.125043910509428
2.438835960581453	-8.138006264655152
2.444664529947342	-8.150968618414375
2.4504930993132343	-8.163930974726652
2.456321668679123	-8.176893330013057
2.4621502380450138	-8.189855684629459
2.4679788074109044	-8.20281803808465
2.473807376776793	-8.215780395165263
2.479635946142684	-8.228742750761674
2.4854645155085744	-8.241705105643653
2.491293084874463	-8.254667459732042
2.4971216542403556	-8.267629813647718
2.5029502236062444	-8.280592169902564
2.5087787929721332	-8.293554525149611
2.5146073623380256	-8.306516879723258
2.5204359317039144	-8.319479233110753
2.526264501069805	-8.332441590123505
2.5320930704356956	-8.345403945677113
2.5379216398015845	-8.358366300519759
2.543750209167475	-8.37132865455081
2.5495787785333657	-8.384291008622931
2.5554073478992545	-8.397253364820346
2.561235917265147	-8.410215720028045
2.5670644866310357	-8.423178074558933
2.5728930559969263	-8.436140427878735
2.578721625362817	-8.44910278482363
2.5845501947287057	-8.46206514033444
2.5903787640945963	-8.475027495137752
2.596207333460487	-8.487989849111472
2.6020359028263758	-8.500952203340033
2.6078644721922664	-8.51391455948002
2.613693041558157	-8.526876914648366
2.619521610924046	-8.539839269136502
2.625350180289938	-8.552801622388609
2.631178749655827	-8.565763979265652
2.6370073190217176	-8.578726334733664
2.642835888387608	-8.591688689497644
2.648664457753497	-8.604651043414034
2.6544930271193876	-8.617613397799026
2.660321596485278	-8.630575753881587
2.666150165851167	-8.643538109010585
2.6719787352170576	-8.65650046345597
2.6778073045829482	-8.669462816640387
2.683635873948837	-8.682425173449582
2.6894644433147294	-8.695387528874798
2.6952930126806183	-8.708349883599448
2.701121582046509	-8.721312237458509
2.7069501514123995	-8.73427459199993
2.7127787207782883	-8.747236948025066
2.718607290144179	-8.760199303114717
2.7244358595100695	-8.77316165751735
2.7302644288759583	-8.786124010634083
2.736092998241849	-8.799086367375432
2.7419215676077395	-8.812048722757854
2.7477501369736284	-8.825011077443175
2.7535787063395207	-8.837973431244912
2.7594072757054096	-8.85093578594275
2.7652358450713	-8.863898141910465
2.7710644144371908	-8.87686049696077
2.7768929838030796	-8.889822851320657
2.78272155316897	-8.902785204369707
2.788550122534861	-8.915747561043212
2.7943786919007496	-8.928709916382843
2.800207261266642	-8.941672271028835
2.806035830632531	-8.954634624773247
2.8118643999984196	-8.9675969796275
2.817692969364312	-8.980559335537796
2.823521538730201	-8.99352169054876
2.8293501080960914	-9.006484044865902
2.835178677461982	-9.019446397847268
2.841007246827871	-9.032408754452932
2.8468358161937615	-9.045371109749773
2.852664385559652	-9.05833346435644
2.858492954925541	-9.071295818043534
2.8643215242914333	-9.08425817305419
2.870150093657322	-9.097220528907073
2.8759786630232127	-9.110182883878696
2.8818072323891033	-9.123145238153091
2.887635801754992	-9.13610759106678
2.8934643711208827	-9.149069947604607
2.8992929404867733	-9.162032302858659
2.905121509852662	-9.174994657426005
2.9109500792185528	-9.18795701105578
2.9167786485844434	-9.200919366222834
2.922607217950332	-9.213881722018304
2.9284357873162246	-9.226844076950586
2.9342643566821134	-9.239806431182236
2.940092926048004	-9.252768784028255
2.9459214954138946	-9.265731140498247
2.9517500647797834	-9.278693495709515
2.957578634145674	-9.291655850237534
2.9634072035115646	-9.304618203809998
2.9692357728774534	-9.317580559133443
2.975064342243344	-9.330542914871499
2.9808929116092346	-9.343505269764446
2.9867214809751235	-9.356467623953355
2.992550050341016	-9.3694299767317
2.9983786197069047	-9.382392333133861
3.0042071890727953	-9.395354688302344
3.010035758438686	-9.408317042791047
3.0158643278045747	-9.421279396306195
3.0216928971704653	-9.434241751786026
3.027521466536356	-9.447204107466675
3.0333500359022447	-9.460166462320284
3.0391786052681353	-9.473128816466456
3.045007174634026	-9.486091169177133
3.0508357439999148	-9.499053525511465
3.056664313365807	-9.512015880637167
3.062492882731696	-9.524978235086552
3.0683214520975866	-9.537940588544387
3.074150021463477	-9.550902944180596
3.079978590829366	-9.563865299803838
3.0858071601952566	-9.576827654618112
3.091635729561147	-9.589790008721547
3.097464298927036	-9.60275236136456
3.1032928682929266	-9.615714717631066
3.109121437658817	-9.62867707271399
3.114950007024706	-9.641639427124055
3.1207785763905984	-9.654601780524583
3.1266071457564872	-9.667564136317164
3.132435715122378	-9.680526491883002
3.1382642844882684	-9.693488846657944
3.1440928538541573	-9.706451200718645
3.149921423220048	-9.719413553293995
3.1557499925859385	-9.732375909492678
3.1615785619518273	-9.74533826453282
3.1674071313177197	-9.758300618903574
3.1732357006836085	-9.771262972246799
3.1790642700494973	-9.784225328195742
3.1848928394153897	-9.79718768370418
3.1907214087812785	-9.810150038439788
3.196549978147169	-9.823112392457757
3.2023785475130597	-9.836074744995491
3.2082071168789486	-9.849037101132813
3.214035686244839	-9.861999456137593
3.2198642556107298	-9.874961810477428
3.2256928249766186	-9.88792416377274
3.231521394342511	-9.900886519888394
3.2373499637084	-9.913848875350695
3.2431785330742904	-9.926811230059045
3.249007102440181	-9.93977358404701
3.25483567180607	-9.952735936783746
3.2606642411719604	-9.965698292921216
3.266492810537851	-9.97866064795923
3.27232137990374	-9.991623002343802
3.2781499492696304	-10.004585355673647
3.283978518635521	-10.017547712044754
3.28980708800141	-10.030510067555216
3.2956356573673022	-10.043472422335123
3.301464226733191	-10.056434776395129
3.3072927960990817	-10.06939712943454
3.3131213654649723	-10.082359485675692
3.318949934830861	-10.095321840848326
3.3247785041967517	-10.10828419537473
3.3306070735626423	-10.121246548829724
3.336435642928531	-10.134208905538207
3.3422642122944217	-10.147171261167987
3.3480927816603123	-10.160133616077918
3.353921351026201	-10.173095970254105
3.3597499203920935	-10.186058323624708
3.3655784897579824	-10.19902067998156
3.371407059123873	-10.211983035283902
3.3772356284897636	-10.22494538993035
3.3830641978556524	-10.237907743472348
3.388892767221543	-10.250870100464704
3.3947213365874336	-10.26383245614636
3.4005499059533224	-10.276794811106686
3.406378475319213	-10.289757165309272
3.4122070446851036	-10.30271951891335
3.4180356140509924	-10.31568187528258
3.423864183416885	-10.328644230608008
3.4296927527827736	-10.34160658526681
3.4355213221486642	-10.354568938789136
3.441349891514555	-10.367531295937034
3.4471784608804437	-10.380493651575888
3.4530070302463343	-10.393456006496876
3.458835599612225	-10.40641836064212
3.4646641689781137	-10.419380714402656
3.470492738344006	-10.432343070714452
3.476321307709895	-10.445305426000525
3.4821498770757837	-10.458267780616568
3.487978446441676	-10.471230134071192
3.493807015807565	-10.484192491151232
3.4996355851734555	-10.497154846747279
3.505464154539346	-10.51011720162893
3.511292723905235	-10.523079555716835
3.5171212932711255	-10.536041909633829
3.522949862637016	-10.54900426588819
3.528778432002905	-10.561966621134907
3.5346070013687974	-10.574928975708193
3.540435570734686	-10.587891329095118
3.546264140100577	-10.6008536861073
3.5520927094664674	-10.613816041660547
3.557921278832356	-10.62677839650286
3.563749848198247	-10.63974075053343
3.5695784175641374	-10.652703104606868
3.5754069869300262	-10.665665460803801
3.581235556295917	-10.678627816011167
3.5870641256618074	-10.691590170541696
3.5928926950276963	-10.704552523860928
3.5987212643935886	-10.717514880805252
3.6045498337594775	-10.7304772363157
3.610378403125368	-10.74343959111868
3.6162069724912587	-10.75640194509192
3.6220355418571475	-10.769364299321797
3.627864111223038	-10.782326655461299
3.6336926805889287	-10.795289010629318
3.6395212499548175	-10.80825136511709
3.645349819320708	-10.821213718368629
3.6511783886865987	-10.834176075245102
3.6570069580524875	-10.847138430712754
3.66283552741838	-10.860100785476401
3.6686640967842687	-10.873063139392308
3.6744926661501593	-10.886025493778618
3.68032123551605	-10.898987849860696
3.6861498048819388	-10.911950204989363
3.6919783742478294	-10.924912559434388
3.69780694361372	-10.937874912618236
3.703635512979609	-10.95083726942686
3.7094640823454994	-10.963799624851713
3.71529265171139	-10.976761979576033
3.721121221077279	-10.989724333434612
3.726949790443171	-11.002686687977349
3.73277835980906	-11.015649044002
3.7386069291749506	-11.028611399091321
3.7444354985408412	-11.041573753493594
3.75026406790673	-11.05453610660976
3.7560926372726207	-11.067498463350534
3.7619212066385113	-11.080460818732597
3.7677497760044	-11.093423173417586
3.7735783453702907	-11.10638552721884
3.7794069147361813	-11.119347881917996
3.78523548410207	-11.132310237885227
3.7910640534679625	-11.145272592935203
3.7968926228338513	-11.158234947294728
3.802721192199742	-11.17119730034321
3.8085497615656325	-11.184159657016142
3.8143783309315213	-11.197122012355411
3.820206900297412	-11.210084367001073
3.8260354696633025	-11.223046720745005
3.8318640390291914	-11.236009075600574
3.8376926083950837	-11.248971431510387
3.8435211777609726	-11.26193378652102
3.8493497471268614	-11.274896140837798
3.8551783164927538	-11.287858493818598
3.8610068858586426	-11.30082085042369
3.866835455224533	-11.313783205720172
3.872664024590424	-11.326745560326508
3.8784925939563126	-11.33970791401312
3.8843211633222032	-11.352670269025094
3.890149732688094	-11.365559842167443
3.8959783020539827	-11.378360986614716
3.901806871419875	-11.39105574912833
3.907635440785764	-11.403623789355567
3.9134640101516545	-11.416042362758692
3.919292579517545	-11.428286378952105
3.925121148883434	-11.440328559928357
3.9309497182493245	-11.452139674511429
3.936778287615215	-11.463688879971969
3.942606856981104	-11.474944157170624
3.9484354263469945	-11.485872857024088
3.954263995712885	-11.496442316004284
3.960092565078774	-11.506620538356035
3.9659211344446663	-11.516376922952112
3.971749703810555	-11.525683008585059
3.9775782731764457	-11.53451321917743
3.9834068425423363	-11.542845547981056
3.989235411908225	-11.550662174909284
3.9950639812741158	-11.55794997468032
4.000892550640006	-11.564700915297978