-1.5863182700392833	-3.5461811190365182
-1.5802319837164671	-3.4169686611296397
-1.5741456973936505	-3.2827484755626286
-1.5680594110708346	-3.1446033734914005
-1.5619731247480175	-3.00359890063021
-1.5558868384252016	-2.860785788009693
-1.549800552102385	-2.717286185550491
-1.543714265779568	-2.5742359297175748
-1.537627979456752	-2.4326925937280066
-1.5315416931339354	-2.2936469838726854
-1.5254554068111192	-2.158047905797349
-1.5193691204883024	-2.026702866866773
-1.5132828341654865	-1.9002631620834398
-1.5071965478426697	-1.7792926425933038
-1.5011102615198528	-1.664257991889567
-1.4950239751970371	-1.5554652045065214
-1.488937688874221	-1.45297479701045
-1.4828514025514044	-1.3567028638892138
-1.4767651162285875	-1.266555186042937
-1.4706788299057716	-1.1823591077436248
-1.4645925435829545	-1.1038666380280588
-1.4585062572601386	-1.0308399129521182
-1.452419970937322	-0.9631115519540676
-1.446333684614506	-0.9005951603300798
-1.440247398291689	-0.8432977510483523
-1.4341611119688722	-0.7910653796558437
-1.4280748256460565	-0.743269379149729
-1.4219885393232397	-0.6990120507167416
-1.4159022530004237	-0.6574403010110088
-1.4098159666776067	-0.618038387541441
-1.403729680354791	-0.5803433015593833
-1.3976433940319741	-0.5439320401519804
-1.3915571077091573	-0.5085311219585422
-1.3854708213863411	-0.4739535343052233
-1.3793845350635245	-0.44007458680998646
-1.3732982487407086	-0.406843456788439
-1.3672119624178916	-0.37423386803146724
-1.3611256760950756	-0.34224563247691203
-1.3550393897722588	-0.31092120068254986
-1.348953103449442	-0.28028801775382717
-1.3428668171266263	-0.2503595558433207
-1.3367805308038094	-0.22115911780189781
-1.3306942444809935	-0.19272935528650065
-1.3246079581581764	-0.16508103832583662
-1.3185216718353605	-0.138199186842292
-1.312435385512544	-0.1120735790388629
-1.3063490991897269	-0.08670027032260628
-1.3002628128669111	-0.06205150702509312
-1.2941765265440952	-0.03810818778862196
-1.2880902402212784	-0.014852659318950068
-1.2820039538984613	0.007785020011085163
-1.2759176675756454	0.02990854361706784
-1.2698313812528286	0.05159835852590207
-1.2637450949300129	0.07282461863545756
-1.2576588086071958	0.09344742225367073
-1.25157252228438	0.1133511873673267
-1.245486235961563	0.13253093301950936
-1.2393999496387462	0.15103568395080572
-1.2333136633159303	0.16889420297312738
-1.2272273769931135	0.18608750574110358
-1.2211410906702975	0.20259525852471158
-1.2150548043474807	0.2184139810435553
-1.2089685180246648	0.23352886360071173
-1.2028822317018482	0.2479272305159291
-1.1967959453790313	0.2615907803680605
-1.1907096590562154	0.2745206820671843
-1.1846233727333986	0.2867039087920875
-1.1785370864105826	0.2981143056461787
-1.1724508000877656	0.3087161889203611
-1.1663645137649497	0.31847987911630343
-1.1602782274421328	0.32738569428874265
-1.154191941119316	0.33541523970853526
-1.1481056547965003	0.342558516753126
-1.1420193684736835	0.34880993652959114
-1.1359330821508673	0.3541637589534936
-1.1298467958280507	0.35860451487970446
-1.1237605095052348	0.36212976171811195
-1.117674223182418	0.36476872385288706
-1.111587936859601	0.3665723129606746
-1.105501650536785	0.3675809242877244
-1.099415364213969	0.36780373706057906
-1.0933290778911522	0.36724855874292966
-1.0872427915683356	0.36593913589123783
-1.0811565052455194	0.3639256289343473
-1.0750702189227028	0.3612496985601749
-1.068983932599886	0.3579141347061672
-1.0628976462770698	0.3538859853158245
-1.056811359954254	0.34913310654544416
-1.0507250736314373	0.3436396058946451
-1.0446387873086205	0.3374037852680991
-1.0385525009858043	0.3304092672510506
-1.0324662146629877	0.32260727280279006
-1.0263799283401716	0.31398472526819804
-1.0202936420173547	0.3045851111899553
-1.0142073556945388	0.29452145336615776
-1.008121069371722	0.283931052395701
-1.0020347830489051	0.2729102130042168
-0.9959484967260893	0.26150281753565935
-0.9898622104032725	0.24971950667483006
-0.9837759240804566	0.23754845943021546
-0.9776896377576397	0.2249971650907211
-0.9716033514348238	0.21207977345292459
-0.965517065112007	0.1988096291483333
-0.9594307787891901	0.18519138314898292
-0.9533444924663742	0.17121337342560453
-0.9472582061435583	0.15688454237532393
-0.9411719198207414	0.1422445664745258
-0.9350856334979246	0.1273687976073193
-0.9289993471751087	0.11233052767610034
-0.9229130608522919	0.09719411023302385
-0.916826774529475	0.08199801250908156
-0.9107404882066591	0.06676585747174119
-0.9046542018838432	0.051518935699679205
-0.8985679155610263	0.03627274003655522
-0.8924816292382095	0.021049926572027193
-0.8863953429153936	0.005866722117250065
-0.8803090565925767	-0.0092638820341501
-0.8742227702697599	-0.024333499711094553
-0.868136483946944	-0.03934247703204567
-0.862050197624128	-0.05429181558563563
-0.8559639113013111	-0.06918251615976942
-0.8498776249784944	-0.08402660206700051
-0.8437913386556785	-0.09883528649140587
-0.8377050523328616	-0.11362016463215284
-0.8316187660100457	-0.12839533130505512
-0.8255324796872289	-0.14317070642545396
-0.8194461933644129	-0.157943649421651
-0.8133599070415961	-0.17270720092452496
-0.8072736207187793	-0.1874386041064119
-0.8011873343959632	-0.2021091328821219
-0.7951010480731465	-0.21668419364123856
-0.7890147617503306	-0.23114229906774814
-0.7829284754275136	-0.24547576322215733
-0.7768421891046977	-0.25968712085270607
-0.770755902781881	-0.27378660067469124
-0.7646696164590641	-0.2877925180417136
-0.7585833301362482	-0.3017248188391325
-0.7524970438134323	-0.3155903180097805
-0.7464107574906155	-0.3293843238790382
-0.7403244711677986	-0.3430935797041784
-0.7342381848449827	-0.3566956997219196
-0.7281518985221659	-0.37016907473407634
-0.7220656121993491	-0.38349028957972964
-0.7159793258765331	-0.3966482876903195
-0.7098930395537172	-0.4096457580211216
-0.7038067532309004	-0.4224932420147394
-0.6977204669080835	-0.4352039001858403
-0.6916341805852676	-0.44780402397601343
-0.6855478942624508	-0.4603260391770987
-0.679461607939634	-0.4727940925046795
-0.673375321616818	-0.4852260694697014
-0.6672890352940021	-0.49762325591893153
-0.6612027489711853	-0.5099878144610314
-0.6551164626483684	-0.5223186506609457
-0.6490301763255525	-0.5346211187053656
-0.6429438900027357	-0.5469006158896661
-0.6368576036799197	-0.5591714414291378
-0.6307713173571029	-0.5714534213426328
-0.624685031034287	-0.5837681237780459
-0.6185987447114701	-0.5961353237274014
-0.6125124583886533	-0.608570500276633
-0.6064261720658374	-0.6210819461698127
-0.6003398857430204	-0.6336684715013257
-0.5942535994202046	-0.6463276097997855
-0.5881673130973878	-0.6590555129051394
-0.5820810267745719	-0.6718457319745612
-0.5759947404517551	-0.6846900419842802
-0.5699084541289382	-0.6975888623580027
-0.5638221678061223	-0.7105440388147052
-0.5577358814833063	-0.7235667049694181
-0.5516495951604895	-0.7366675431150348
-0.5455633088376727	-0.749854422206831
-0.5394770225148567	-0.7631217910690467
-0.5333907361920399	-0.7764570252935387
-0.5273044498692231	-0.7898466976694629
-0.5212181635464072	-0.8032770591707002
-0.5151318772235912	-0.8167367665575871
-0.5090455909007744	-0.8302107886042343
-0.5029593045779576	-0.8436869467560493
-0.4968730182551416	-0.8571532906077007
-0.4907867319323248	-0.8705983970405644
-0.4847004456095079	-0.8840137114614184
-0.4786141592866921	-0.8973931055807896
-0.47252787296387616	-0.9107324955290681
-0.4664415866410593	-0.924029060198758
-0.46035530031824246	-0.9372800090805072
-0.45426901399542646	-0.9504870876335347
-0.44818272767260975	-0.963655916434511
-0.4420964413497937	-0.9767916302334747
-0.436010155026977	-0.989901956938376
-0.42992386870416094	-1.0029943024476204
-0.42383758238134417	-1.0160788835097683
-0.41775129605852734	-1.029165038813124
-0.41166500973571135	-1.04225683692296
-0.4055787234128946	-1.0553578733675306
-0.39949243709007864	-1.0684655897744582
-0.39340615076726176	-1.0815804264074098
-0.3873198644444459	-1.0947018695942659
-0.381233578121629	-1.1078284359766235
-0.3751472917988123	-1.1209586321219702
-0.3690610054759963	-1.1340897129252259
-0.36297471915318036	-1.147218054526704
-0.35688843283036353	-1.1603423569656117
-0.3508021465075467	-1.1734589821459414
-0.34471586018473077	-1.1865647652133682
-0.3386295738619139	-1.1996548245758385
-0.3325432875390971	-1.2127246239108973
-0.32645700121628113	-1.2257726791338481
-0.3203707148934652	-1.238791343044296
-0.31428442857064837	-1.2517725319438486
-0.3081981422478316	-1.2647035543618863
-0.30211185592501566	-1.277572832428549
-0.29602556960219883	-1.2903694797815195
-0.289939283279382	-1.303088869271348
-0.2838529969565661	-1.31572890881429
-0.2777667106337501	-1.3282843914947389
-0.27168042431093337	-1.3407507226674924
-0.26559413798811654	-1.3531253439895181
-0.25950785166530055	-1.3654095397326333
-0.2534215653424838	-1.377608319095352
-0.24733527901966781	-1.3897311780993609
-0.24124899269685093	-1.4017917954683066
-0.23516270637403502	-1.4138058346894515
-0.22907642005121812	-1.4257900713734624
-0.22299013372840132	-1.4377647308640553
-0.21690384740558538	-1.4497526796528086
-0.2108175610827686	-1.4617771966977164
-0.20473127475995267	-1.473864025755641
-0.1986449884371359	-1.486038473382264
-0.19255870211431989	-1.4983229945856946
-0.18647241579150312	-1.510735934558776
-0.18038612946868623	-1.5232961064856865
-0.17429984314587033	-1.5360188215291588
-0.1682135568230544	-1.5489186820515959
-0.16212727050023756	-1.5620056150912283
-0.15604098417742074	-1.575285149771234
-0.14995469785460475	-1.5887595444183247
-0.14386841153178803	-1.602426863295936
-0.13778212520897115	-1.6162779323549845
-0.13169583888615521	-1.6302998387730598
-0.12560955256333928	-1.644478602063621
-0.11952326624052244	-1.6587974822509683
-0.1134369799177056	-1.6732370499787583
-0.10735069359488968	-1.6877760004982556
-0.10126440727207285	-1.7023917469346652
-0.095178120949256	-1.7170576665016974
-0.08909183462644009	-1.7317458551731
-0.08300554830362418	-1.7464306990313374
-0.07691926198080734	-1.7610882659703933
-0.07083297565799049	-1.7757000503698346
-0.06474668933517456	-1.7902487059542307
-0.05866040301235775	-1.804719170955361
-0.05257411668954092	-1.8190983030203203
-0.046487830366724985	-1.833377073094715
-0.04040154404390903	-1.8475505210762557
-0.03431525772109222	-1.8616150854107687
-0.02822897139827541	-1.8755717074697813
-0.022142685075459495	-1.8894240797099247
-0.016056398752643516	-1.903178107066049
-0.009970112429826733	-1.916842374445967
-0.0038838261070098597	-1.9304277998189663
0.0022024602158060838	-1.9439461777591152
0.008288746538622906	-1.9574104776875478
0.014375032861439747	-1.970833767990632
0.020461319184255627	-1.9842279406704988
0.02654760550707162	-1.9976057718720461
0.03263389182988839	-2.0109799393156407
0.03872017815270525	-2.0243623028101165
0.04480646447552116	-2.0377635352006864
0.050892750798337986	-2.051193247514558
0.05697903712115478	-2.064660620305271
0.06306532344397078	-2.0781722628057437
0.06915160976678668	-2.0917321884610756
0.07523789608960349	-2.105342764851444
0.08132418241242036	-2.1190062338371822
0.08741046873523628	-2.132723015659698
0.09349675505805308	-2.146492021737549
0.09958304138086997	-2.160309888183119
0.10566932770368583	-2.1741726963819126
0.11175561402650183	-2.188076976053782
0.11784190034931859	-2.2020189915174693
0.12392818667213543	-2.2159940572370354
0.13001447299495136	-2.229996763945892
0.13610075931776822	-2.2440218530928737
0.142187045640585	-2.258063167087742
0.14827333196340098	-2.272115000587033
0.15435961828621692	-2.2861722536175986
0.16044590460903374	-2.300229712624564
0.1665321909318506	-2.314282217296903
0.1726184772546665	-2.328324593606592
0.1787047635774824	-2.342351642086033
0.18479104990029932	-2.356358601825639
0.1908773362231161	-2.370341046299636
0.19696362254593203	-2.3842953660309765
0.20304990886874885	-2.398218268407412
0.20913619519156568	-2.4121066937621207
0.21522248151438161	-2.425958387684588
0.22130876783719758	-2.4397717615710572
0.2273950541600144	-2.4535455073403316
0.23348134048283126	-2.4672791733808865
0.2395676268056471	-2.4809720166596483
0.24565391312846396	-2.494623563983735
0.2517401994512808	-2.50823411586441
0.2578264857740968	-2.5218041140424585
0.26391277209691266	-2.5353345465850934
0.2699990584197295	-2.5488269175818403
0.2760853447425463	-2.562282471427196
0.2821716310653622	-2.5757022728232637
0.2882579173881791	-2.58908765309796
0.2943442037109959	-2.602440521584704
0.3004304900338119	-2.615763170695585
0.3065167763566277	-2.629058197829799
0.31260306267944465	-2.6423280604544033
0.31868934900226137	-2.6555751719172758
0.3247756353250774	-2.6688016839476503
0.33086192164789413	-2.6820091845246323
0.33694820797071096	-2.695199741871492
0.3430344942935269	-2.708375491791876
0.34912078061634294	-2.721538819582406
0.35520706693915977	-2.7347205616727557
0.36129335326197654	-2.7479102626458842
0.3673796395847925	-2.761112634819738
0.3734659259076084	-2.774332195293888
0.3795522122304252	-2.787573385743331
0.3856384985532421	-2.8008406193197346
0.391724784876058	-2.814139227043366
0.3978110711988748	-2.8274746112406657
0.4038973575216917	-2.8408515283549183
0.40998364384450764	-2.854274431045198
0.4160699301673235	-2.8677472747016797
0.4221562164901403	-2.8812738503317155
0.4282425028129571	-2.89485727296485
0.4343287891357731	-2.908500355091971
0.44041507545858993	-2.922205127425981
0.44650136178140676	-2.9359726351967406
0.4525876481042227	-2.9498030246637144
0.45867393442703863	-2.9636948786696324
0.4647602207498554	-2.977646196557726
0.4708465070726723	-2.991654055282271
0.4769327933954882	-3.005714780366574
0.483019079718305	-3.019823665852984
0.48910536604112187	-3.0339755374811963
0.49519165236393786	-3.048164800651934
0.5012779386867537	-3.062384738453797
0.5073642250095697	-3.076628944250854
0.5134505113323874	-3.090891003808394
0.5195367976552033	-3.1051641483432078
0.525623083978021	-3.1194420392860946
0.531709370300837	-3.1337182003847133
0.5377956566236529	-3.1479866997069044
0.5438819429464689	-3.162241942919371
0.5499682292692848	-3.1764790224481154
0.5560545155921025	-3.190693825833808
0.5621408019149184	-3.2048830544089264
0.5682270882377344	-3.2190441827494714
0.5743133745605521	-3.2331755195266325
0.580399660883368	-3.247276237062451
0.586485947206184	-3.2613462420236
0.5925722335289999	-3.2753860800965326
0.5986585198518176	-3.28939687361448
0.6047448061746336	-3.303356395741565
0.6108310924974495	-3.3172859353671407
0.6169173788202672	-3.331188575685283
0.6230036651430831	-3.3450674918930257
0.6290899514658991	-3.3589259485362692
0.635176237788715	-3.372767157852272
0.6412625241115327	-3.3865939406722347
0.6473488104343488	-3.400408563397346
0.6534350967571646	-3.414213700293356
0.6595213830799824	-3.4280119003213727
0.6656076694027983	-3.4418054460660503
0.6716939557256142	-3.4555962657634387
0.6777802420484301	-3.4693858215919398
0.6838665283712478	-3.483175090504389
0.6899528146940638	-3.4969650163417256
0.6960391010168797	-3.510756436532823
0.7021253873396974	-3.5245500363915863
0.7082116736625134	-3.538346567211907
0.7142979599853294	-3.5521462280936813
0.7203842463081452	-3.565948894126224
0.726470532630963	-3.579754350579629
0.7325568189537789	-3.593562326265373
0.7386431052765948	-3.6073722939556365
0.7447293915994125	-3.621183594907183
0.7508156779222285	-3.6349960330285898
0.7569019642450444	-3.648809068539065
0.7629882505678603	-3.66262210552585
0.7690745368906763	-3.6764351430569606
0.775160823213494	-3.690248176863637
0.7812471095363099	-3.7040612104121715
0.7873333958591276	-3.7178742454118785
0.7934196821819436	-3.731687281936345
0.7995059685047595	-3.745500319737265
0.8055922548275755	-3.7593133546730115
0.8116785411503914	-3.7731263878596537
0.8177648274732091	-3.7869394224203896
0.823851113796025	-3.800752458529035
0.8299374001188428	-3.814565496037622
0.8360236864416587	-3.8283785322160737
0.8421099727644746	-3.842191565111875
0.8481962590872906	-3.856004599262749
0.8542825454101065	-3.8698176349413163
0.8603688317329242	-3.8836306720972393
0.8664551180557402	-3.897443709408932
0.8725414043785579	-3.9112567430132827
0.8786276907013738	-3.9250697767805875
0.8847139770241897	-3.9388828120287
0.8908002633470057	-3.9526958488026493
0.8968865496698216	-3.9665088868249034
0.9029728359926393	-3.9803219215611434
0.9090591223154553	-3.9941349549737866
0.915145408638273	-4.007947989791349
0.9212316949610889	-4.021761026156597
0.9273179812839049	-4.035574063890561
0.9334042676067208	-4.0493870998693495
0.9394905539295368	-4.0632001329872525
0.9455768402523544	-4.077013167388013
0.9516631265751704	-4.090826203314948
0.9577494128979863	-4.104639240689183
0.963835699220804	-4.118452277798118
0.96992198554362	-4.132265311183734
0.9760082718664359	-4.146078345120766
0.9820945581892518	-4.1598913805371325
0.9881808445120696	-4.173704417451672
0.9942671308348855	-4.187517455560773
1.0003534171577015	-4.201330489941254
1.0064397034805193	-4.215143523405984
1.0125259898033352	-4.228956558293342
1.018612276126151	-4.242769594719615
1.024698562448967	-4.256582632479288
1.0307848487717846	-4.2703956680588995
1.0368711350946007	-4.284208701203191
1.0429574214174167	-4.298021735665263
1.0490437077402344	-4.311834771661825
1.05512999406305	-4.325647809087554
1.0612162803858662	-4.339460845840379
1.067302566708682	-4.353273878868204
1.0733888530314997	-4.367086912850517
1.0794751393543156	-4.380899948325265
1.0855614256771318	-4.3947129852846265
1.0916477119999495	-4.408526023035435
1.0977339983227654	-4.4223390570601095
1.1038202846455814	-4.436152090576806
1.109906570968397	-4.449965125533829
1.115992857291215	-4.463778162020991
1.1220791436140307	-4.477591199806239
1.1281654299368467	-4.491404234986601
1.1342517162596646	-4.505217268157153
1.1403380025824805	-4.519030302680406
1.1464242889052962	-4.53284333874647
1.1525105752281124	-4.546656376223576
1.1585968615509281	-4.560469412620242
1.164683147873746	-4.5742824454624085
1.170769434196562	-4.588095479526928
1.1768557205193795	-4.601908515102455
1.1829420068421956	-4.6157215521546915
1.1890282931650116	-4.629534589600777
1.1951145794878273	-4.6433476233290385
1.2012008658106432	-4.657160656962228
1.2072871521334612	-4.67097369205806
1.2133734384562769	-4.684786728679067
1.2194597247790946	-4.698599766565622
1.2255460111019105	-4.712412801424029
1.2316322974247267	-4.726225834698113
1.2377185837475426	-4.740038869358229
1.2438048700703583	-4.753851905566171
1.249891156393176	-4.767664943161968
1.2559774427159922	-4.7814779792630375
1.2620637290388097	-4.795291012244794
1.2681500153616256	-4.809104046492396
1.2742363016844418	-4.822917082267114
1.2803225880072575	-4.8367301195075605
1.2864088743300734	-4.850543156740727
1.2924951606528914	-4.864356190260378
1.2985814469757073	-4.87816922409343
1.3046677332985248	-4.891982259406732
1.310754019621341	-4.905795296235169
1.316840305944157	-4.91960833429111
1.3229265922669728	-4.93342136888964
1.3290128785897888	-4.947234402322524
1.3350991649126063	-4.96104743716719
1.3411854512354222	-4.974860473556147
1.3472717375582384	-4.988673511300147
1.3533580238810559	-5.00248654712443
1.359444310203872	-5.016299580252629
1.365530596526688	-5.030112614677208
1.3716168828495037	-5.043925650631177
1.3777031691723216	-5.057738688025419
1.3837894554951373	-5.07155172499651
1.3898757418179535	-5.085364758243624
1.3959620281407712	-5.09917779219824
1.402048314463587	-5.112990827637259
1.4081346007864028	-5.126803864569196
1.414220887109219	-5.140616902539721
1.4203071734320365	-5.154429936782414
1.4263934597548524	-5.168242970267267
1.4324797460776686	-5.182056005181604
1.438566032400486	-5.195869041631456
1.4446523187233022	-5.209682079401034
1.450738605046118	-5.223495114826031
1.456824891368934	-5.237308147980494
1.4629111776917516	-5.2511211824662585
1.4689974640145678	-5.264934218489735
1.4750837503373837	-5.278747255935361
1.4811700366602012	-5.2925602925502595
1.4872563229830171	-5.306373325439514
1.4933426093058333	-5.3201863594393295
1.499428895628649	-5.333999394936655
1.5055151819514667	-5.347812431913348
1.5116014682742829	-5.361625469525313
1.5176877545970986	-5.375438503412219
1.5237740409199163	-5.389251536949037
1.5298603272427325	-5.403064571933035
1.5359466135655484	-5.416877608443772
1.5420328998883641	-5.430690646238925
1.54811918621118	-5.444503681264697
1.554205472533998	-5.458316714445417
1.560291758856814	-5.472129748992359
1.5663780451796314	-5.4859427850853315
1.5724643315024476	-5.499755822582334
1.5785506178252633	-5.513568858841095
1.5846369041480795	-5.527381891717157
1.5907231904708952	-5.54119492583625
1.5968094767937129	-5.555007961476896
1.602895763116529	-5.568820998594659
1.6089820494393468	-5.582634035955812
1.6150683357621625	-5.596447069605765
1.6211546220849786	-5.610260103323712
1.6272409084077946	-5.62407313851578
1.6333271947306103	-5.637886175233442
1.6394134810534282	-5.651699213205754
1.645499767376244	-5.665512247986957
1.6515860536990619	-5.679325281348605
1.6576723400218778	-5.693138316108223
1.6637586263446935	-5.706951352415578
1.6698449126675095	-5.720764390098692
1.6759311989903254	-5.734577426122484
1.6820174853131433	-5.74839045919028
1.688103771635959	-5.762203493534674
1.694190057958777	-5.776016529405589
1.7002763442815927	-5.789829566730585
1.7063626306044086	-5.803642603885242
1.7124489169272246	-5.817455637320187
1.7185352032500407	-5.83126867121895
1.7246214895728582	-5.8450817065973855
1.7307077758956741	-5.858894743480238
1.7367940622184903	-5.8727077815697735
1.742880348541308	-5.8865208160305045
1.748966634864124	-5.9003338494835145
1.7550529211869397	-5.91414688435516
1.7611392075097556	-5.9279599207677
1.7672254938325735	-5.941772958521605
1.7733117801553895	-5.955585994191261
1.7793980664782052	-5.969399027329632
1.7854843528010231	-5.9832120617779045
1.7915706391238388	-5.997025097758792
1.797656925446655	-6.010838135172932
1.8037432117694707	-6.024651172006085
1.8098294980922884	-6.0384642051146145
1.8159157844151046	-6.0522772390867345
1.8220020707379203	-6.066090274548334
1.828088357060738	-6.079903311497602
1.8341746433835542	-6.093716349329272
1.84026092970637	-6.107529383434184
1.846347216029186	-6.121342416939161
1.8524335023520035	-6.1351554518804745
1.8585197886748195	-6.148968488353905
1.8646060749976356	-6.1627815261333865
1.8706923613204534	-6.176594561403782
1.876778647643269	-6.190407594568413
1.8828649339660852	-6.204220629077868
1.8889512202889012	-6.218033665128258
1.8950375066117187	-6.23184670259378
1.9011237929345348	-6.245659739070761
1.9072100792573508	-6.259472771893186
1.9132963655801685	-6.2732858059259256
1.9193826519029842	-6.287098841463525
1.9254689382258003	-6.300911878477597
1.931555224548616	-6.314724915973146
1.9376415108714322	-6.328537949747018
1.94372779719425	-6.342350983330844
1.9498140835170659	-6.356164018370627
1.9559003698398836	-6.36997705493534
1.9619866561626993	-6.383790092771951
1.9680729424855155	-6.397603127675322
1.9741592288083314	-6.4114161608984075
1.9802455151311473	-6.425229195500574
1.9863318014539648	-6.439042231650618
1.992418087776781	-6.45285526919556
1.9985043740995985	-6.466668305341635
2.0045906604224144	-6.480481338273284
2.0106769467452303	-6.4942943724645135
2.0167632330680463	-6.508107408183205
2.022849519390862	-6.52192044537441
2.02893580571368	-6.535733482653303
2.035022092036496	-6.549546516222285
2.0411083783593136	-6.563359550017067
2.0471946646821295	-6.577172585292434
2.0532809510049455	-6.59098562208918
2.0593672373277614	-6.604798660125552
2.0654535236505773	-6.618611694804341
2.071539809973395	-6.632424728225502
2.077626096296211	-6.6462377630544545
2.0837123826190287	-6.660050799429679
2.0897986689418446	-6.673863837167908
2.0958849552646606	-6.687676873082246
2.1019712415874765	-6.701489906204523
2.1080575279102924	-6.715302940615302
2.11414381423311	-6.7291159765535955
2.120230100555926	-6.742929013936248
2.126316386878744	-6.756742050987674
2.1324026732015597	-6.770555084315499
2.1384889595243757	-6.784368118259922
2.1445752458471916	-6.79818115368579
2.1506615321700076	-6.811994190607631
2.1567478184928253	-6.825807228659026
2.162834104815641	-6.839620262981963
2.168920391138459	-6.853433296455098
2.175006677461275	-6.867246331353723
2.181092963784091	-6.881059367789843
2.1871792501069067	-6.894872405553652
2.1932655364297227	-6.908685441068692
2.1993518227525386	-6.922498474217233
2.2054381090753563	-6.936311508689198
2.211524395398174	-6.950124544697002
2.21761068172099	-6.96393758213104
2.223696968043806	-6.977750618826262
2.229783254366622	-6.991563651796216
2.2358695406894378	-7.005376685785839
2.2419558270122537	-7.019189721270017
2.2480421133350714	-7.033002758236616
2.2541283996578874	-7.046815795929439
2.260214685980705	-7.060628829896578
2.266300972303521	-7.074441863421677
2.272387258626337	-7.088254898389967
2.278473544949153	-7.102067934886973
2.284559831271969	-7.115880972676359
2.2906461175947865	-7.12969400779216
2.2967324039176025	-7.143507040966958
2.30281869024042	-7.157320075500104
2.308904976563236	-7.171133111577405
2.314991262886052	-7.184946149062821
2.321077549208868	-7.198759185401895
2.327163835531684	-7.212572218258217
2.3332501218545016	-7.226385252345529
2.3393364081773176	-7.24019828794825
2.3454226945001353	-7.254011325027852
2.3515089808229512	-7.267824362438466
2.357595267145767	-7.281637396134026
2.363681553468583	-7.295450429802611
2.369767839791399	-7.309263464938635
2.3758541261142168	-7.323076501600006
2.3819404124370327	-7.336889539522377
2.3880266987598504	-7.350702574348541
2.3941129850826663	-7.364515607659194
2.4001992714054823	-7.378328642360865
2.406285557728298	-7.392141678610324
2.412371844051114	-7.405954716242588
2.418458130373932	-7.419767752311384
2.424544416696748	-7.433580785329073
2.4306307030195655	-7.447393819617099
2.4367169893423815	-7.461206855431991
2.4428032756651974	-7.475019892707747
2.4488895619880133	-7.488832929908126
2.4549758483108293	-7.502645963392402
2.461062134633647	-7.516458997252896
2.467148420956463	-7.5302720325934
2.4732347072792806	-7.544085069444563
2.4793209936020966	-7.557898107514533
2.4854072799249125	-7.571711142055515
2.4914935662477284	-7.585524175496804
2.4975798525705444	-7.599337210352737
2.503666138893362	-7.613150246751543
2.509752425216178	-7.626963284499679
2.5158387115389957	-7.640776320259386
2.5219249978618117	-7.654589353391833
2.5280112841846276	-7.668402387826308
2.5340975705074436	-7.6822154237915194
2.5401838568302595	-7.6960284611940715
2.546270143153077	-7.709841498107554
2.552356429475893	-7.723654531296791
2.558442715798711	-7.737467565258719
2.564529002121527	-7.751280600707167
2.5706152884443427	-7.765093637646342
2.5767015747671587	-7.778906675558877
2.5827878610899746	-7.792719709744027
2.5888741474127905	-7.806532743237287
2.5949604337356083	-7.820345778162889
2.601046720058426	-7.8341588146225885
2.607133006381242	-7.847971852396302
2.613219292704058	-7.861784887756734
2.6193055790268738	-7.8755979209154425
2.6253918653496897	-7.889410955411101
2.6314781516725056	-7.903223991445818
2.6375644379953234	-7.9170370288997525
2.6436507243181393	-7.9308500654570535
2.649737010640957	-7.94466309828844
2.655823296963773	-7.958476132295563
2.661909583286589	-7.9722891678023196
2.667995869609405	-7.986102204786248
2.6740821559322208	-7.999915242340233
2.6801684422550385	-8.013728276169607
2.6862547285778544	-8.027541309714827
2.692341014900672	-8.041354344710088
2.698427301223488	-8.055167381230671
2.704513587546304	-8.06898041902996
2.71059987386912	-8.082793453991176
2.716686160191936	-8.096606487176143
2.7227724465147536	-8.110419521732975
2.7288587328375695	-8.124232557837187
2.7349450191603872	-8.138045595342497
2.741031305483203	-8.151858631543668
2.747117591806019	-8.165671664433885
2.753203878128835	-8.179484698575768
2.759290164451651	-8.193297734243608
2.7653764507744687	-8.207110771388734
2.7714627370972846	-8.22092380871442
2.7775490234201023	-8.234736842331671
2.7836353097429183	-8.248549876085013
2.789721596065734	-8.262362911317272
2.79580788238855	-8.276175948075297
2.801894168711366	-8.289988986083422
2.807980455034184	-8.303802020832382
2.8140667413569997	-8.317615054230597
2.8201530276798175	-8.331428089031768
2.8262393140026334	-8.345241125380637
2.8323256003254493	-8.359054163100215
2.8384118866482653	-8.372867199091738
2.844498172971081	-8.386680232195463
2.850584459293899	-8.400493266580279
2.856670745616715	-8.414306302491365
2.8627570319395326	-8.428119339851673
2.8688433182623485	-8.441932376973542
2.8749296045851644	-8.455745410373112
2.8810158909079804	-8.469558444299317
2.8871021772307963	-8.483371479704953
2.893188463553614	-8.497184516610528
2.89927474987643	-8.510997554714095
2.9053610361992477	-8.524810589117278
2.9114473225220636	-8.53862362257869
2.9175336088448796	-8.552436657461607
2.9236198951676955	-8.566249693883993
2.9297061814905114	-8.580062731642034
2.935792467813329	-8.59387576724712
2.941878754136145	-8.607688800389734
2.947965040458963	-8.621501834847903
2.9540513267817787	-8.635314870840034
2.9601376131045947	-8.649127908262484
2.9662238994274106	-8.66294094503803
2.9723101857502265	-8.676753978088689
2.9783964720730425	-8.690567012068119
2.98448275839586	-8.704380047539145
2.990569044718678	-8.718193084495653
2.996655331041494	-8.732006122269336
3.00274161736431	-8.745819156316712
3.0088279036871257	-8.75963218983009
3.0149141900099417	-8.77344522478267
3.0210004763327576	-8.787258261265945
3.0270867626555753	-8.801071299049564
3.0331730489783912	-8.814884334255396
3.039259335301209	-8.828697367424276
3.045345621624025	-8.842510401943624
3.051431907946841	-8.856323438005251
3.0575181942696568	-8.870136475479082
3.0636044805924727	-8.883949511898468
3.0696907669152904	-8.89776254473505
3.0757770532381064	-8.91157557879058
3.081863339560924	-8.925388614355379
3.08794962588374	-8.939201651396816
3.094035912206556	-8.953014688856893
3.100122198529372	-8.96682772259806
3.106208484852188	-8.980640756217285
3.1122947711750055	-8.99445379129726
3.1183810574978215	-9.008266827902341
3.124467343820639	-9.022079865774767
3.130553630143455	-9.035892900645894
3.136639916466271	-9.049705933905551
3.142726202789087	-9.063518968549273
3.148812489111903	-9.077332004740835
3.1548987754347206	-9.091145042322243
3.1609850617575366	-9.104958078436047
3.1670713480803543	-9.118771111403628
3.1731576344031702	-9.132584145635283
3.179243920725986	-9.14639718139415
3.185330207048802	-9.160210218620668
3.191416493371618	-9.17402325586677
3.1975027796944357	-9.187836289400376
3.2035890660172517	-9.201649323222599
3.2096753523400694	-9.215462358525171
3.2157616386628853	-9.229275395344645
3.2218479249857013	-9.243088433395048
3.227934211308517	-9.256901468016284
3.234020497631333	-9.270714501445852
3.240106783954151	-9.284527536286072
3.246193070276967	-9.298340572671144
3.2522793565997845	-9.31215361041351
3.2583656429226004	-9.32596664626327
3.2644519292454164	-9.339779679389794
3.2705382155682323	-9.35359271381047
3.2766245018910483	-9.367405749760007
3.282710788213866	-9.381218787150967
3.288797074536682	-9.395031824144784
3.2948833608594996	-9.408844857414731
3.3009696471823156	-9.422657891366464
3.3070559335051315	-9.436470926801764
3.3131422198279474	-9.450283963730845
3.3192285061507634	-9.464097001724248
3.325314792473581	-9.477910035989641
3.331401078796397	-9.491723069471178
3.3374873651192147	-9.505536104381072
3.3435736514420307	-9.519349140827039
3.3496599377648466	-9.533162178594983
3.3557462240876625	-9.546975214045453
3.3618325104104785	-9.560788247198243
3.3679187967332944	-9.574601281680103
3.374005083056112	-9.588414317699145
3.38009136937893	-9.602227355141492
3.386177655701746	-9.616040391779118
3.3922639420245617	-9.629853424691202
3.3983502283473777	-9.643666458688132
3.4044365146701936	-9.65747949418174
3.4105228009930095	-9.671292531155574
3.4166090873158272	-9.685105568790416
3.422695373638643	-9.698918602700022
3.428781659961461	-9.712731636233523
3.434867946284277	-9.726544671213077
3.4409542326070928	-9.740357707719928
3.4470405189299087	-9.75417074551345
3.4531268052527246	-9.767983780564691
3.4592130915755424	-9.781796813743737
3.4652993778983583	-9.795609848286777
3.471385664221176	-9.809422884375316
3.477471950543992	-9.823235921869038
3.483558236866808	-9.83704895815052
3.489644523189624	-9.850861991020997
3.4957308095124398	-9.864675025131103
3.5018170958352575	-9.878488060761017
3.5079033821580734	-9.892301097867986
3.513989668480891	-9.90611413524313
3.520075954803707	-9.919927168905986
3.526162241126523	-9.933740202609968
3.532248527449339	-9.947553237786183
3.538334813772155	-9.961366274487919
3.5444211000949726	-9.975179312446102
3.5505073864177885	-9.988992347240025
3.5565936727406062	-10.002805380587247
3.562679959063422	-10.01661841533047
3.568766245386238	-10.030431451621444
3.574852531709054	-10.044244489290175
3.58093881803187	-10.058057525326698
3.5870251043546877	-10.07187055838032
3.5931113906775036	-10.085683592708765
3.5991976770003213	-10.099496628563834
3.6052839633231373	-10.1133096658749
3.611370249645953	-10.12712270304249
3.617456535968769	-10.14093573649139
3.623542822291585	-10.154748770379328
3.629629108614403	-10.168561805747034
3.6357153949372187	-10.18237484262092
3.6418016812600364	-10.19618788070492
3.6478879675828524	-10.210000915188354
3.6539742539056683	-10.223813948638046
3.6600605402284843	-10.23762698350525
3.6661468265513	-10.251440019913904
3.672233112874118	-10.265253057666175
3.678319399196934	-10.279066093361308
3.6844056855197516	-10.292879126498002
3.6904919718425675	-10.306692160942372
3.6965782581653834	-10.320505196918827
3.7026645444881994	-10.334318234329688
3.7087508308110153	-10.348131271185565
3.714837117133833	-10.361944304316928
3.720923403456649	-10.375757338286164
3.7270096897794667	-10.389570373744043
3.7330959761022826	-10.403383410690456
3.7391822624250985	-10.417196448545003
3.7452685487479145	-10.431009482672614
3.7513548350707304	-10.444822516174275
3.7574411213935464	-10.458635551111145
3.763527407716364	-10.47244858758069
3.769613694039182	-10.48626162535854
3.7756999803619977	-10.500074660654407
3.7817862666848137	-10.513887693817363
3.7878725530076296	-10.527700728322916
3.7939588393304455	-10.54151376436887
3.8000451256532615	-10.555326801831114
3.806131411976079	-10.56913983833082
3.812217698298895	-10.58295287114766
3.818303984621713	-10.596765905171404
3.8243902709445288	-10.610578940698277
3.8304765572673447	-10.624391977701551
3.8365628435901606	-10.638205015211096
3.8426491299129766	-10.652018048997869
3.8487354162357943	-10.665831082567728
3.8548217025586102	-10.679644117591655
3.860907988881428	-10.693457154140441
3.866994275204244	-10.707270191962923
3.87308056152706	-10.721083226879015
3.8791668478498758	-10.734896260087671
3.8852531341726917	-10.748631737009307
3.8913394204955094	-10.762272984950162
3.8974257068183253	-10.775800870848759
3.903511993141143	-10.789193715875616
3.909598279463959	-10.802427282239966
3.915684565786775	-10.815474839052765
3.921770852109591	-10.82830731650465
3.927857138432407	-10.840893563730816
3.9339434247552245	-10.85320071181836
3.9400297110780405	-10.865194642718677
3.946115997400858	-10.876840565714422
3.952202283723674	-10.888103672313374
3.95828857004649	-10.898949865863015
3.964374856369306	-10.909346538295036
3.970461142692122	-10.919263361787516
3.9765474290149396	-10.928673080028823
3.9826337153377556	-10.937552240921491
3.9887200016605733	-10.945881853989496
3.994806287983389	-10.953647938460238
4.000892574306206	-10.960841932625556