-1.6211911716262963	-3.600852500998104
-1.615019839329626	-3.482997148151208
-1.6088485070329566	-3.3591886432907607
-1.6026771747362862	-3.2303333364641778
-1.5965058424396168	-3.0972958045355
-1.5903345101429465	-2.9611085784020275
-1.584163177846277	-2.82294368203903
-1.5779918455496067	-2.683884183587431
-1.5718205132529364	-2.545016234106671
-1.565649180956267	-2.4074582213987323
-1.5594778486595966	-2.2722260921063038
-1.5533065163629272	-2.140165794611207
-1.5471351840662568	-2.012011323051277
-1.5409638517695874	-1.8884992039840665
-1.534792519472917	-1.7703229034279897
-1.5286211871762476	-1.657901486773905
-1.5224498548795773	-1.5513905735028843
-1.5162785225829079	-1.4508974966251362
-1.5101071902862375	-1.3565247704550512
-1.503935857989568	-1.2681974518202714
-1.4977645256928978	-1.1857041942479032
-1.4915931933962274	-1.1088889057218436
-1.485421861099558	-1.0376608110556167
-1.4792505288028877	-0.9718398688833245
-1.4730791965062182	-0.9111952407343992
-1.4669078642095479	-0.8554490448236188
-1.4607365319128784	-0.804231714296731
-1.4545651996162081	-0.7572091423207327
-1.4483938673195387	-0.7137964272612523
-1.4422225350228683	-0.6731431156992388
-1.436051202726198	-0.6345216909118278
-1.4298798704295286	-0.5974099600830804
-1.4237085381328582	-0.5614730032688756
-1.4175372058361888	-0.5265332880463727
-1.4113658735395185	-0.4924826146244909
-1.405194541242849	-0.4591872024525572
-1.3990232089461787	-0.4265498330727803
-1.3928518766495093	-0.39451295523079044
-1.386680544352839	-0.36299767212734074
-1.3805092120561686	-0.33196450025288454
-1.3743378797594992	-0.30146020423014463
-1.3681665474628297	-0.2715560366295605
-1.3619952151661594	-0.2422864836164765
-1.355823882869489	-0.21368179759715264
-1.3496525505728196	-0.18577944873104932
-1.3434812182761493	-0.15859006992015817
-1.3373098859794799	-0.1320956725304344
-1.3311385536828095	-0.10629879286337224
-1.32496722138614	-0.08121412219298872
-1.3187958890894698	-0.05681638694162948
-1.3126245567928003	-0.03304086779334332
-1.30645322449613	-0.009854295071596093
-1.3002818921994597	0.012729416086296744
-1.2941105599027902	0.03472491158018143
-1.28793922760612	0.056192029271719644
-1.2817678953094505	0.0771745339545068
-1.2755965630127801	0.09764038296768583
-1.2694252307161107	0.1175368187767411
-1.2632538984194404	0.13688111638784106
-1.257082566122771	0.15571670408058674
-1.2509112338261006	0.17403353214494763
-1.2447399015294303	0.1917752865674414
-1.2385685692327608	0.20889909835950776
-1.2323972369360905	0.22542097772525208
-1.226225904639421	0.24136618704358664
-1.2200545723427507	0.25672814292898766
-1.2138832400460813	0.27147849451008566
-1.207711907749411	0.2855903955094822
-1.2015405754527415	0.29904250652142694
-1.1953692431560712	0.31179731817462863
-1.1891979108594017	0.3237960781703633
-1.1830265785627314	0.33497406684693715
-1.176855246266062	0.34529021623404804
-1.1706839139693916	0.35474994103917024
-1.1645125816727213	0.3633933382028309
-1.1583412493760519	0.3712545032336944
-1.1521699170793815	0.3783266269391729
-1.145998584782712	0.38457388886586585
-1.1398272524860418	0.3899802279712689
-1.1336559201893723	0.3945500112185467
-1.127484587892702	0.3983037551455395
-1.1213132555960326	0.40123763218999114
-1.1151419232993622	0.40334613943483605
-1.1089705910026921	0.40464393145081057
-1.1027992587060225	0.4051864232896854
-1.096627926409353	0.4050333822472103
-1.0904565941126827	0.40421027159648737
-1.0842852618160124	0.40270797296038047
-1.078113929519343	0.4005108393746477
-1.0719425972226726	0.39760121972152207
-1.0657712649260032	0.3939606972899526
-1.0595999326293328	0.3895678464576113
-1.0534286003326625	0.38441527117203134
-1.047257268035993	0.37851933848700015
-1.0410859357393236	0.3719110587811392
-1.0349146034426533	0.3646202660994695
-1.028743271145983	0.3566614191145623
-1.0225719388493135	0.3480514645863638
-1.0164006065526432	0.3388173927137979
-1.0102292742559738	0.32899950756876545
-1.0040579419593034	0.31865269329102286
-0.997886609662634	0.30782743129701245
-0.9917152773659637	0.2965591696578569
-0.9855439450692942	0.28486930124316945
-0.9793726127726239	0.27276304039208077
-0.9732012804759536	0.2602411032307954
-0.9670299481792842	0.2473133078898961
-0.9608586158826138	0.2339944291761788
-0.9546872835859443	0.2203100681054964
-0.948515951289274	0.20630020280412625
-0.9423446189926046	0.19201200656130846
-0.9361732866959342	0.17749968726822304
-0.9300019543992648	0.1628176548253405
-0.9238306221025945	0.14801082448108122
-0.9176592898059243	0.13311841559190465
-0.9114879575092547	0.11816135936526266
-0.9053166252125853	0.1031660266198949
-0.899145292915915	0.0881670269683836
-0.8929739606192446	0.07320377428331928
-0.8868026283225752	0.05831432259865707
-0.8806312960259048	0.04353277307542342
-0.8744599637292354	0.028872160832830993
-0.8682886314325651	0.014330374173903008
-0.8621172991358947	-0.00010477478525991912
-0.8559459668392254	-0.014442689053750839
-0.8497746345425559	-0.02869932684217661
-0.8436033022458855	-0.04288479043123793
-0.8374319699492152	-0.05699657233543118
-0.8312606376525458	-0.07101931162402769
-0.8250893053558754	-0.08494207962384133
-0.818917973059206	-0.0987521994233892
-0.8127466407625357	-0.11243440179728387
-0.8065753084658663	-0.1259768299378053
-0.8004039761691959	-0.1393766921979979
-0.7942326438725265	-0.15264329190020903
-0.7880613115758562	-0.16578973515750325
-0.7818899792791858	-0.1788333321791857
-0.7757186469825165	-0.1917918185784273
-0.7695473146858469	-0.20468193558493175
-0.7633759823891767	-0.2175093062759931
-0.7572046500925063	-0.23027513953724232
-0.7510333177958369	-0.24297885626616733
-0.7448619854991665	-0.2556184043028521
-0.7386906532024972	-0.26819248917817873
-0.7325193209058267	-0.28069500882888343
-0.7263479886091564	-0.29311732852028216
-0.720176656312487	-0.3054488786589258
-0.7140053240158175	-0.317683843685579
-0.7078339917191472	-0.3298202777426524
-0.7016626594224769	-0.3418588368080978
-0.6954913271258075	-0.3538060232249459
-0.6893199948291371	-0.3656714066699712
-0.6831486625324678	-0.3774713886202567
-0.6769773302357974	-0.389221772987501
-0.670805997939128	-0.4009380812176402
-0.6646346656424577	-0.41263125661164785
-0.6584633333457881	-0.4243081580440492
-0.6522920010491179	-0.43597271752864486
-0.6461206687524476	-0.4476275891143933
-0.6399493364557781	-0.4592704194647493
-0.6337780041591086	-0.4708975867588918
-0.6276066718624382	-0.48250543938902524
-0.6214353395657679	-0.49408794246011145
-0.6152640072690985	-0.505638875382916
-0.6090926749724281	-0.517149732940058
-0.6029213426757587	-0.5286125175465323
-0.5967500103790884	-0.5400218859907125
-0.590578678082418	-0.5513754291436231
-0.5844073457857486	-0.5626734467644212
-0.5782360134890793	-0.5739229829037449
-0.5720646811924089	-0.5851304840068823
-0.5658933488957385	-0.5963007995812537
-0.5597220165990691	-0.6074400985752207
-0.5535506843023988	-0.618555806310093
-0.5473793520057293	-0.6296575432518117
-0.541208019709059	-0.6407516598439349
-0.5350366874123887	-0.6518444464038017
-0.5288653551157193	-0.6629346209454142
-0.5226940228190498	-0.6740234865634556
-0.5165226905223795	-0.6851182661155517
-0.5103513582257091	-0.696232411594568
-0.5041800259290397	-0.7073822339029543
-0.49800869363236944	-0.7185854097962147
-0.49183736133569994	-0.7298583057134405
-0.4856660290390296	-0.741214349020286
-0.4794946967423601	-0.7526682220402888
-0.47332336444568984	-0.7642360421616156
-0.4671520321490204	-0.7759330358104517
-0.46098069985235	-0.7877684166864476
-0.4548093675556797	-0.7997449129936554
-0.4486380352590103	-0.8118580375232055
-0.44246670296234086	-0.8241041894139225
-0.43629537066567053	-0.8364786778897403
-0.4301240383690002	-0.848971081353264
-0.42395270607233076	-0.8615723453718417
-0.41778137377566044	-0.8742722467582806
-0.411610041478991	-0.8870566984743804
-0.4054387091823207	-0.8999060329471724
-0.39926737688565034	-0.9127979983031318
-0.3930960445889809	-0.9257094332703832
-0.38692471229231146	-0.9386177475305759
-0.38075337999564113	-0.9514992069419329
-0.3745820476989708	-0.9643288016411358
-0.36841071540230136	-0.9770837485536362
-0.3622393831056311	-0.9897433335208716
-0.3560680508089616	-1.0022916708288077
-0.34989671851229126	-1.0147126308917647
-0.34372538621562176	-1.0269938053108385
-0.3375540539189515	-1.0391269912078038
-0.33138272162228205	-1.0511109731992425
-0.32521138932561167	-1.0629481629411894
-0.3190400570289414	-1.0746482242905793
-0.31286872473227195	-1.0862246829411744
-0.3066973924356025	-1.0976922392285844
-0.3005260601389322	-1.109065741838741
-0.2943547278422619	-1.1203586394847243
-0.28818339554559236	-1.131588215610719
-0.2820120632489221	-1.1427742449372464
-0.2758407309522526	-1.1539403940873085
-0.26966939865558237	-1.1651078040396106
-0.26349806635891204	-1.176294193719297
-0.2573267340622425	-1.1875158175913125
-0.25115540176557316	-1.1987869183409352
-0.2449840694689028	-1.2101212618746744
-0.23881273717223242	-1.2215332457749994
-0.23264140487556298	-1.233036097710509
-0.22647007257889265	-1.2446386706173407
-0.2202987402822232	-1.2563440472423888
-0.21412740798555288	-1.268154505976454
-0.20795607568888344	-1.280071857655734
-0.2017847433922131	-1.2920967089537871
-0.19561341109554367	-1.3042316343449691
-0.18944207879887334	-1.3164741328134832
-0.18327074650220304	-1.3288195164496692
-0.17709941420553357	-1.3412621255921284
-0.1709280819088633	-1.3537954278486342
-0.16475674961219386	-1.3664119546784976
-0.15858541731552347	-1.3791047572736903
-0.1524140850188532	-1.3918680268074106
-0.14624275272218373	-1.404696736786605
-0.14007142042551426	-1.4175855918145508
-0.13390008812884396	-1.4305289656287663
-0.1277287558321736	-1.443520151496192
-0.12155742353550418	-1.456552093196961
-0.11538609123883477	-1.4696164852773865
-0.10921475894216442	-1.4827069303634681
-0.10304342664549407	-1.4958189911047413
-0.09687209434882461	-1.5089486397044363
-0.09070076205215433	-1.5220898899269883
-0.08452942975548487	-1.5352368198287771
-0.07835809745881457	-1.5483834601264754
-0.07218676516214421	-1.561523797911644
-0.06601543286547476	-1.5746515604815303
-0.05984410056880533	-1.5877608103391805
-0.05367276827213501	-1.6008454523486473
-0.04750143597546467	-1.6139013697469213
-0.041330103678795256	-1.62692652366237
-0.035158771382125815	-1.6399171118279534
-0.02898743908545549	-1.652870195738811
-0.022816106788785158	-1.6657839112618225
-0.01664477449211481	-1.678656717809747
-0.010473442195445411	-1.6914879702491468
-0.00430210989877592	-1.7042778873636089
0.0018692223978944574	-1.7170284393410742
0.008040554694564774	-1.7297440481185928
0.014211886991234214	-1.7424289917256264
0.020383219287903646	-1.7550878206279203
0.026554551584573947	-1.7677255298484913
0.0327258838812443	-1.7803474331553848
0.038897216177913724	-1.7929588957531015
0.045068548474584094	-1.805565437870652
0.05123988077125339	-1.8181741544768706
0.057411213067923815	-1.8307908649944362
0.06358254536459415	-1.8434209368635033
0.06975387766126355	-1.8560688869721689
0.07592520995793302	-1.8687386471959133
0.0820965422546033	-1.8814335609286215
0.08826787455127369	-1.894157543323848
0.09443920684794313	-1.9069152207638538
0.10061053914461257	-1.919709455213997
0.1067818714412829	-1.9325421480736307
0.11295320373795316	-1.945414562511926
0.1191245360346236	-1.9583274045606136
0.125295868331293	-1.971281247735535
0.13146720062796244	-1.984276571252347
0.13763853292463277	-1.9973139073054549
0.14380986522130312	-2.010391962995343
0.14998119751797254	-2.023508913487775
0.15615252981464195	-2.0366632282266743
0.16232386211131228	-2.0498536146193898
0.1684951944079826	-2.063078279602118
0.17466652670465294	-2.0763351591646906
0.18083785900132238	-2.089622018233854
0.18700919129799182	-2.1029370045120857
0.19318052359466217	-2.1162779042265965
0.19935185589133245	-2.1296437021688774
0.20552318818800192	-2.1430322499636305
0.2116945204846714	-2.1564417734680044
0.2178658527813417	-2.169870501570352
0.22403718507801204	-2.1833167503706625
0.23020851737468145	-2.1967779873962883
0.2363798496713509	-2.210253174906735
0.24255118196802122	-2.2237407863086744
0.24872251426469152	-2.237238974595268
0.2548938465613619	-2.2507464533017196
0.2610651788580313	-2.2642608464409646
0.26723651115470076	-2.2777807746804988
0.2734078434513711	-2.2913043195102647
0.2795791757480414	-2.3048296184354506
0.28575050804471086	-2.3183543810891285
0.2919218403413803	-2.3318764890969943
0.2980931726380507	-2.3453936352692377
0.3042645049347209	-2.3589041126191512
0.3104358372313913	-2.3724055222871168
0.31660716952806073	-2.385896345569821
0.3227785018247301	-2.3993746581790036
0.3289498341214005	-2.4128388089627
0.33512116641807094	-2.4262868483149367
0.34129249871474027	-2.4397166959565584
0.3474638310114097	-2.453125332265738
0.3536351633080801	-2.466510854310545
0.3598064956047504	-2.479871415815889
0.36597782790141986	-2.4932051116848633
0.37214916019809013	-2.5065104970981285
0.3783204924947595	-2.5197860072765326
0.3844918247914299	-2.5330303902658065
0.3906631570881003	-2.5462418598567873
0.3968344893847697	-2.559419408786268
0.4030058216814391	-2.572561313508298
0.40917715397810944	-2.5856661276988175
0.4153484862747797	-2.5987325829657646
0.4215198185714492	-2.6117593508803547
0.42769115086811865	-2.62474566426751
0.433862483164789	-2.6377024679415886
0.4400338154614593	-2.650633996336328
0.44620514775812964	-2.6635414464293303
0.45237648005479913	-2.6764282293445807
0.45854781235146846	-2.6892983774412946
0.46471914464813885	-2.7021554032109534
0.4708904769448092	-2.7150031285163476
0.4770618092414786	-2.727845188150762
0.48323314153814806	-2.740685720948312
0.4894044738348184	-2.7535287475703796
0.4955758061314887	-2.766378877429003
0.5017471384281582	-2.7792415817626313
0.5079184707248275	-2.792121682375366
0.5140898030214979	-2.8050244137127986
0.5202611353181682	-2.817953859216579
0.5264324676148386	-2.8309136820742777
0.532603799911509	-2.843906524516301
0.5387751322081775	-2.856934511569602
0.5449464645048478	-2.869999155643431
0.5511177968015182	-2.883101818315242
0.5572891290981867	-2.8962427092707093
0.5634604613948571	-2.909421715168868
0.5696317936915274	-2.922636906750985
0.5758031259881977	-2.935886158481227
0.581974458284868	-2.949166126790627
0.5881457905815384	-2.9624736181930893
0.5943171228782068	-2.975805259468051
0.6004884551748773	-2.9891569674806777
0.6066597874715476	-3.002524520381926
0.612831119768216	-3.015903716740734
0.6190024520648865	-3.029290432464343
0.6251737843615567	-3.0426807227610873
0.6313451166582271	-3.05607108863867
0.6375164489548975	-3.0694581122048197
0.6436877812515678	-3.082839511713074
0.6498591135482362	-3.0962127051590103
0.6560304458449066	-3.1095758395683095
0.6622017781415769	-3.1229274894121866
0.6683731104382455	-3.1362663525933403
0.6745444427349159	-3.1495919950443465
0.6807157750315862	-3.162903898889428
0.6868871073282565	-3.1761927681370916
0.6930584396249267	-3.1894588818849225
0.6992297719215972	-3.2027062627943836
0.7054011042182657	-3.2159365943704294
0.711572436514936	-3.2291516011418073
0.7177437688116063	-3.2423535083261674
0.7239151011082748	-3.2555443604219807
0.7300864334049453	-3.268726189487502
0.7362577657016156	-3.2819006665026564
0.7424290979982859	-3.295069144753771
0.7486004302949563	-3.308232846506631
0.7547717625916247	-3.321392508892068
0.7609430948882951	-3.3345488801425645
0.7671144271849655	-3.3477025709256663
0.7732857594816358	-3.3608542010283933
0.7794570917783044	-3.3740044598483627
0.7856284240749746	-3.3871540765088586
0.791799756371645	-3.400303541225636
0.7979710886683153	-3.4134531846646943
0.8041424209649857	-3.4266030638205023
0.8103137532616541	-3.4397530764775643
0.8164850855583246	-3.4529031351495734
0.8226564178549949	-3.4660536294584
0.8288277501516634	-3.47920464975526
0.8349990824483338	-3.492356458390525
0.8411704147450041	-3.5055087837185903
0.8473417470416744	-3.518661111302672
0.8535130793383447	-3.5318134457303056
0.8596844116350151	-3.54496577707493
0.8658557439316836	-3.558118106258747
0.872027076228354	-3.571270433324875
0.8781984085250243	-3.5844227574386065
0.8843697408216928	-3.5975750874247803
0.8905410731183631	-3.6107274206690927
0.8967124054150334	-3.6238797512269567
0.9028837377117037	-3.6370320797077818
0.909055070008374	-3.650184405843997
0.9152264023050444	-3.6633367312379788
0.9213977346017129	-3.6764890637848833
0.9275690668983834	-3.6896413959173007
0.9337403991950536	-3.702793725675817
0.9399117314917222	-3.715946053359505
0.9460830637883925	-3.7290983783906704
0.9522543960850629	-3.7422507063546337
0.9584257283817331	-3.7554030405074554
0.9645970606784036	-3.768555371661268
0.9707683929750739	-3.781707700682208
0.9769397252717424	-3.7948600275577498
0.9831110575684128	-3.8080123513972133
0.9892823898650831	-3.821164681763143
0.9954537221617517	-3.8343170147101375
1.001625054458422	-3.8474693450314206
1.0077963867550923	-3.8606216732790823
1.0139677190517626	-3.8737739991282134
1.020139051348433	-3.8869263249184396
1.0263103836451015	-3.9000786578612106
1.0324817159417718	-3.9132309897062285
1.0386530482384422	-3.9263833192315127
1.0448243805351125	-3.939535646678771
1.050995712831781	-3.952687971413053
1.0571670451284514	-3.965840299756879
1.0633383774251217	-3.978992633634903
1.069509709721792	-3.9921449645979132
1.0756810420184624	-4.005297293455985
1.081852374315131	-4.0184496201409505
1.0880237066118013	-4.031601943748631
1.0941950389084716	-4.0447542745034255
1.100366371205142	-4.057906607163597
1.1065377035018105	-4.071058937260181
1.1127090357984808	-4.084211265287962
1.1188803680951511	-4.0973635908646635
1.1250517003918215	-4.110515917067032
1.1312230326884918	-4.123668250422706
1.1373943649851603	-4.1368205819983395
1.1435656972818307	-4.149972911309085
1.149737029578501	-4.163125238538979
1.1559083618751695	-4.1762775629954545
1.1620796941718399	-4.1894298917377935
1.1682510264685102	-4.202582225358891
1.1744223587651805	-4.215734556147714
1.1805936910618509	-4.228886884857854
1.1867650233585212	-4.242039211365094
1.1929363556551897	-4.2551915355042045
1.19910768795186	-4.268343866817343
1.2052790202485304	-4.281496199381117
1.211450352545199	-4.294648529465002
1.2176216848418693	-4.307800857506591
1.2237930171385396	-4.320953183065667
1.22996434943521	-4.334105509954675
1.2361356817318803	-4.347257844015208
1.2423070140285506	-4.360410175627665
1.2484783463252191	-4.373562505040104
1.2546496786218895	-4.386714832373747
1.2608210109185598	-4.399867156872456
1.2669923432152284	-4.413019486325586
1.2731636755118987	-4.426171819987227
1.279335007808569	-4.439324150877167
1.2855063401052393	-4.452476479685274
1.2916776724019097	-4.465628806224453
1.29784900469858	-4.478781131062248
1.3040203369952486	-4.491933463053495
1.3101916692919189	-4.505085795589322
1.3163630015885892	-4.518238125675213
1.3225343338852578	-4.531390453690764
1.328705666181928	-4.5445427791386495
1.3348769984785984	-4.55769510656942
1.3410483307752687	-4.570847441107962
1.347219663071939	-4.583999772529594
1.3533909953686076	-4.597152101779143
1.359562327665278	-4.610304428922186
1.3657336599619483	-4.623456753146606
1.3719049922586186	-4.63660908297952
1.3780763245552872	-4.649761416343822
1.3842476568519575	-4.662913746997164
1.3904189891486278	-4.676066075572089
1.3965903214452982	-4.6892184018241645
1.4027616537419685	-4.7023707270582324
1.408932986038637	-4.715523059445374
1.4151043183353074	-4.728675391693779
1.4212756506319777	-4.741827721546422
1.427446982928648	-4.754980049325527
1.4336183152253166	-4.768132374476507
1.439789647521987	-4.781284702287168
1.4459609798186572	-4.794437036550891
1.4521323121153276	-4.8075893677817065
1.458303644411998	-4.820741696868376
1.4644749767086664	-4.83389402382083
1.4706463090053368	-4.847046347770976
1.476817641302007	-4.860198677983654
1.4829889735986757	-4.873351011050632
1.489160305895346	-4.886503341467388
1.4953316381920163	-4.899655669809143
1.5015029704886866	-4.912807995774129
1.507674302785357	-4.92596032140445
1.5138456350820273	-4.9391126541874675
1.5200169673786958	-4.9522649861484656
1.5261882996753662	-4.965417315767874
1.5323596319720365	-4.978569643310543
1.538530964268705	-4.991721968164633
1.5447022965653754	-5.004874296355164
1.5508736288620457	-5.0180266303440835
1.557044961158716	-5.031178961384093
1.5632162934553864	-5.044331290307892
1.5693876257520567	-5.057483617069764
1.5755589580487253	-5.0706359407456505
1.5817302903453956	-5.083788271338072
1.587901622642066	-5.0969406041077425
1.5940729549387345	-5.110092934287926
1.6002442872354048	-5.123245262396524
1.6064156195320751	-5.136397588074435
1.6125869518287455	-5.149549914100987
1.6187582841254158	-5.162702247279858
1.624929616422086	-5.175854578953467
1.6311009487187547	-5.18900690833965
1.637272281015425	-5.202159235645897
1.6434436133120953	-5.215311560203115
1.6496149456087639	-5.228463888773495
1.6557862779054342	-5.241616222487625
1.6619576102021045	-5.25476855333684
1.6681289424987749	-5.2679208820977745
1.6743002747954452	-5.281073208669077
1.6804716070921137	-5.294225532587523
1.686642939388784	-5.307377863670772
1.6928142716854544	-5.320530196270651
1.6989856039821247	-5.3336825263587215
1.7051569362787933	-5.34683485439568
1.7113282685754636	-5.359987179964664
1.717499600872134	-5.3731395065811425
1.7236709331688043	-5.3862918403634295
1.7298422654654746	-5.399444171968685
1.7360135977621431	-5.412596501348987
1.7421849300588135	-5.425748828650667
1.7483562623554838	-5.438901153142982
1.7545275946521541	-5.452053482320406
1.7606989269488227	-5.465205815977054
1.766870259245493	-5.478358146837552
1.7730415915421633	-5.4915104756172655
1.7792129238388337	-5.504662802154292
1.785384256135504	-5.517815126720303
1.7915555884321726	-5.530967458447391
1.7977269207288429	-5.544119791003226
1.8038982530255132	-5.557272121096224
1.8100695853221818	-5.570424449129362
1.816240917618852	-5.583576774628369
1.8224122499155224	-5.5967291018459555
1.8285835822121927	-5.6098814362169245
1.834754914508863	-5.623033767715564
1.8409262468055334	-5.636186097030848
1.847097579102202	-5.649338424250809
1.8532689113988723	-5.66249074858592
1.8594402436955426	-5.675643078265571
1.8656115759922112	-5.688795411749865
1.8717829082888815	-5.701947742498688
1.8779542405855518	-5.715100071167715
1.8841255728822222	-5.728252397535651
1.8902969051788925	-5.741404722609801
1.8964682374755628	-5.7545570548371785
1.9026395697722314	-5.767709387201574
1.9088109020689017	-5.780861717148345
1.9149822343655702	-5.794014045022868
1.9211535666622406	-5.8071663702936664
1.927324898958911	-5.820318697951021
1.9334962312555812	-5.833471032325649
1.9396675635522516	-5.846623363633469
1.945838895848922	-5.8597756927858695
1.9520102281455922	-5.8729280198152365
1.9581815604422608	-5.886080343876067
1.964352892738931	-5.899232673935488
1.9705242250355997	-5.912385007122454
1.97669555733227	-5.925537337634685
1.9828668896289403	-5.9386896660705375
1.9890382219256106	-5.95184199215138
1.995209554222281	-5.964994317621789
2.0013808865189513	-5.9781466502450495
2.0075522188156216	-5.991298982322033
2.01372355111229	-6.004451312035563
2.0198948834089605	-6.017603639673647
2.026066215705629	-6.0307559646475495
2.0322375480022994	-6.043908292684782
2.0384088802989697	-6.0570606267846
2.04458021259564	-6.07021295790161
2.0507515448923104	-6.083365286891135
2.0569228771889807	-6.096517613729918
2.063094209485651	-6.109669937516484
2.0692655417823196	-6.122822267955656
2.07543687407899	-6.135974600845309
2.0816082063756585	-6.149126931120961
2.087779538672329	-6.162279259323651
2.093950870968999	-6.175431585117413
2.1001222032656695	-6.188583910984064
2.10629353556234	-6.201736244003186
2.11246486785901	-6.214888575792772
2.1186362001556804	-6.228040905273073
2.124807532452349	-6.24119323267473
2.1309788647490193	-6.254345557351752
2.137150197045688	-6.267497885768843
2.143321529342358	-6.280650219593866
2.1494928616390285	-6.293802550520076
2.155664193935699	-6.306954879346735
2.161835526232369	-6.320107205994944
2.1680068585290395	-6.3332595297031204
2.174178190825708	-6.3464118605641335
2.1803495231223784	-6.359564193204808
2.1865208554190487	-6.372716523298639
2.1926921877157173	-6.385868851329387
2.1988635200123876	-6.399021176903593
2.205034852309058	-6.412173503239878
2.2112061846057283	-6.4253258367335135
2.2173775169023986	-6.438478168318726
2.223548849199069	-6.4516304976519665
2.2297201814957375	-6.464782824905074
2.235891513792408	-6.47793514937314
2.2420628460890764	-6.491087478256179
2.2482341783857467	-6.504239811888773
2.254405510682417	-6.517392142700775
2.2605768429790873	-6.530544471433413
2.2667481752757577	-6.543696797950286
2.272919507572428	-6.556849122227451
2.2790908398690983	-6.570001453674455
2.285262172165767	-6.58315378623566
2.291433504462437	-6.596306116322493
2.2976048367591058	-6.60945844436135
2.303776169055776	-6.622610769900999
2.3099475013524464	-6.635763096896265
2.3161188336491167	-6.648915431057189
2.322290165945787	-6.662067762632839
2.3284614982424574	-6.675220092013858
2.3346328305391277	-6.68837241931074
2.3408041628357963	-6.701524743756544
2.3469754951324666	-6.714677073282927
2.353146827429135	-6.727829406887216
2.3593181597258055	-6.740981737731521
2.365489492022476	-6.754134066494652
2.371660824319146	-6.767286392978452
2.3778321566158165	-6.780438717892682
2.384003488912487	-6.79359104996029
2.390174821209157	-6.806743382440678
2.3963461535058257	-6.819895712481579
2.402517485802496	-6.8330480404515255
2.4086888180991646	-6.846200365842143
2.414860150395835	-6.859352693346187
2.4210314826925052	-6.872505027831722
2.4272028149891756	-6.885657359216547
2.433374147285846	-6.898809688434682
2.439545479582516	-6.911962015540963
2.4457168118791865	-6.925114339712481
2.451888144175855	-6.938266669618644
2.4580594764725254	-6.951419002925597
2.464230808769194	-6.964571333533307
2.4704021410658643	-6.977723662063258
2.4765734733625346	-6.990875988259957
2.482744805659205	-7.004028313570457
2.4889161379558753	-7.017180646033955
2.4950874702525456	-7.030332978226925
2.501258802549214	-7.0434853080345805
2.5074301348458845	-7.05663763576808
2.513601467142555	-7.0697899608617965
2.5197727994392234	-7.082942288745727
2.5259441317358937	-7.096094622956445
2.532115464032564	-7.109246954150459
2.5382867963292344	-7.122399283205713
2.5444581286259047	-7.135551610121407
2.550629460922575	-7.148703934018652
2.5568007932192436	-7.161856264304577
2.562972125515914	-7.175008597314209
2.5691434578125825	-7.188160927685335
2.575314790109253	-7.20131325598212
2.581486122405923	-7.214465581891733
2.5876574547025935	-7.2276179075984786
2.593828786999264	-7.240770240457849
2.600000119295934	-7.253922572363417
2.6061714515926044	-7.267074901937838
2.612342783889273	-7.280227229434906
2.6185141161859433	-7.293379554231736
2.624685448482612	-7.306531882495531
2.630856780779282	-7.319684216431449
2.6370281130759525	-7.332836547434658
2.643199445372623	-7.345988876327043
2.649370777669293	-7.359141203052158
2.6555421099659635	-7.372293526675149
2.661713442262634	-7.385445857340812
2.6678847745593024	-7.398598190053139
2.6740561068559727	-7.411750520187694
2.6802274391526413	-7.424902848251324
2.6863987714493116	-7.438055173873867
2.692570103745982	-7.4512074999768405
2.6987414360426523	-7.464359833232061
2.7049127683393226	-7.477512164850239
2.711084100635993	-7.49066449419144
2.7172554329326633	-7.503816821452089
2.723426765229332	-7.5169691459520465
2.729598097526002	-7.530121474595688
2.7357694298226707	-7.543273808256821
2.741940762119341	-7.556426139069235
2.7481120944160113	-7.569578467798759
2.7542834267126817	-7.582730794333306
2.760454759009352	-7.595883118352245
2.7666260913060223	-7.609035449541711
2.7727974236026927	-7.622187782122093
2.778968755899361	-7.635340112207409
2.7851400881960315	-7.648492440247334
2.7913114204927	-7.661644765813823
2.7974827527893704	-7.674797092564215
2.8036540850860407	-7.687949426484457
2.809825417382711	-7.701101758099294
2.8159967496793814	-7.714254087502089
2.8221680819760517	-7.727406414826981
2.8283394142727203	-7.740558739330887
2.8345107465693906	-7.753711068649007
2.840682078866061	-7.766863402317151
2.8468534111627295	-7.780015733200827
2.8530247434594	-7.793168062003039
2.85919607575607	-7.806320388549696
2.8653674080527405	-7.819472713253758
2.871538740349411	-7.832625045114707
2.877710072646081	-7.845777377667975
2.8838814049427497	-7.85892970776392
2.89005273723942	-7.872082035794326
2.8962240695360886	-7.885234361273908
2.902395401832759	-7.898386688597747
2.9085667341294292	-7.911539023069105
2.9147380664260996	-7.924691354530939
2.92090939872277	-7.937843683814806
2.92708073101944	-7.950996010998004
2.9332520633161105	-7.964148335280211
2.939423395612779	-7.977300665033113
2.9455947279094494	-7.990452998460057
2.951766060206118	-8.003605329163246
2.9579373925027883	-8.016757657787297
2.9641087247994586	-8.02990998409986
2.970280057096129	-8.04306230925044
2.9764513893927993	-8.056214641554176
2.9826227216894696	-8.069366973863135
2.98879405398614	-8.082519303764919
2.9949653862828085	-8.095671631593838
3.001136718579479	-8.10882395680737
3.0073080508761474	-8.121976284537993
3.0134793831728177	-8.135128618859616
3.019650715469488	-8.148280950130633
3.0258220477661584	-8.161433279251618
3.0319933800628287	-8.174585606244223
3.038164712359499	-8.187737930252153
3.0443360446561694	-8.200890260384822
3.050507376952838	-8.214042593514442
3.0566787092495082	-8.227194923981042
3.062850041546177	-8.240347252371919
3.069021373842847	-8.25349957839739
3.0751927061395175	-8.266651903944227
3.081364038436188	-8.279804236643843
3.087535370732858	-8.292956568665392
3.0937067030295284	-8.306108898333937
3.099878035326197	-8.319261225926418
3.1060493676228673	-8.332413550843055
3.1122206999195376	-8.345565878953558
3.118392032216206	-8.358718213000373
3.1245633645128765	-8.371870544080581
3.130734696809547	-8.385022873038691
3.136906029106217	-8.398175199840718
3.1430773614028875	-8.411327523574384
3.149248693699558	-8.424479854086801
3.1554200259962264	-8.43763218691911
3.1615913582928967	-8.450784517149131
3.1677626905895653	-8.463936845306852
3.1739340228862356	-8.477089171045243
3.180105355182906	-8.490241496988318
3.1862766874795763	-8.503393830083791
3.1924480197762466	-8.516546161817946
3.198619352072917	-8.529698491253264
3.2047906843695873	-8.542850818609322
3.210962016666256	-8.556003143229082
3.217133348962926	-8.569155471719437
3.2233046812595947	-8.58230780549146
3.229476013556265	-8.595460136380872
3.2356473458529353	-8.608612465176117
3.2418186781496057	-8.621764791787571
3.247990010446276	-8.634917115596243
3.2541613427429463	-8.648069446563472
3.2603326750396167	-8.66122177918465
3.266504007336285	-8.674374109275726
3.2726753396329555	-8.687526437309444
3.278846671929624	-8.700678762881154
3.2850180042262944	-8.713831089351356
3.2911893365229647	-8.726983422982949
3.297360668819635	-8.740135754577743
3.3035320011163054	-8.753288083933475
3.3097033334129757	-8.766440411209798
3.315874665709646	-8.779592735689453
3.3220459980063146	-8.792745064713191
3.328217330302985	-8.805897398357281
3.3343886625996535	-8.81904972919246
3.340559994896324	-8.832202057947601
3.346731327192994	-8.845354384474104
3.3529026594896645	-8.85850670888932
3.359073991786335	-8.871659040470188
3.365245324083005	-8.884811373028828
3.3714166563796755	-8.89796370311861
3.377587988676344	-8.911116031154732
3.3837593209730144	-8.924268356674958
3.389930653269683	-8.937420683776477
3.3961019855663532	-8.95057301803779
3.4022733178630236	-8.963725349576636
3.408444650159694	-8.976877678926238
3.414615982456364	-8.990030006186354
3.4207873147530345	-9.003182330579254
3.426958647049703	-9.016334660178888
3.4331299793463734	-9.029486993725829
3.4393013116430438	-9.042639324524497
3.4454726439397123	-9.05579165324265
3.4516439762363826	-9.068943979671076
3.457815308533053	-9.08209630466174
3.4639866408297233	-9.095248636805707
3.4701579731263936	-9.108400969230658
3.476329305423064	-9.12155329922657
3.4825006377197325	-9.13470562715091
3.488671970016403	-9.14785795248426
3.4948433023130714	-9.161010280061577
3.5010146346097417	-9.174162614494106
3.507185966906412	-9.187314945842129
3.5133572992030824	-9.200467275028844
3.5195286314997527	-9.213619602098364
3.525699963796423	-9.226771926216982
3.5318712960930934	-9.239924256196392
3.538042628389762	-9.253076589445998
3.5442139606864322	-9.266228920008073
3.550385292983101	-9.279381248493051
3.556556625279771	-9.292533574634376
3.5627279575764415	-9.305685900021304
3.568899289873112	-9.318838232561161
3.575070622169782	-9.331990564698696
3.5812419544664524	-9.345142894461365
3.5874132867631228	-9.358295222149263
3.5935846190597913	-9.371447547185713
3.5997559513564616	-9.384599875142912
3.60592728365313	-9.397752209300629
3.6120986159498005	-9.410904540457837
3.618269948246471	-9.424056869481678
3.624441280543141	-9.437209196360612
3.6306126128398115	-9.450361520204961
3.636783945136482	-9.463513850564128
3.642955277433152	-9.476666183516416
3.6491266097298207	-9.48981851384191
3.655297942026491	-9.502970842093724
3.6614692743231596	-9.516123167947967
3.66764060661983	-9.529275493731138
3.6738119389165003	-9.542427826666861
3.6799832712131706	-9.555580158516996
3.686154603509841	-9.568732488046432
3.6923259358065113	-9.5818848154979
3.6984972681031816	-9.59503714023747
3.70466860039985	-9.60818946857453
3.7108399326965205	-9.621341802457447
3.717011264993189	-9.634494133423853
3.7231825972898593	-9.647646462284829
3.7293539295865297	-9.660798788973185
3.7355252618832	-9.673951112571588
3.7416965941798703	-9.687103443316577
3.7478679264765407	-9.700255775978547
3.754039258773209	-9.713408106075388
3.7602105910698795	-9.726560434102897
3.76638192336655	-9.739712759679827
3.7725532556632184	-9.752865085869832
3.7787245879598887	-9.766017419212773
3.784895920256559	-9.779169750787522
3.7910672525532294	-9.79232208009619
3.7972385848498997	-9.805474407323942
3.80340991714657	-9.818626731779347
3.8095812494432386	-9.831779060508698
3.815752581739909	-9.844931394128732
3.8219239140365775	-9.858083724915415
3.828095246333248	-9.87123605362348
3.834266578629918	-9.884388380129831
3.8404379109265885	-9.897540704256198
3.846609243223259	-9.910693035556978
3.852780575519929	-9.923845368120988
3.8589519078165995	-9.936997698204603
3.865123240113268	-9.950150026246444
3.8712945724099384	-9.963302351807311
3.877465904706607	-9.976454678686512
3.8836372370032772	-9.989533162409522
3.8898085692999476	-10.002521918681431
3.895979901596618	-10.015402730853758
3.902151233893288	-10.028154960875444
3.9083225661899585	-10.040755533121445
3.914493898486629	-10.053178995651175
3.9206652307832974	-10.065397666504355
3.9268365630799678	-10.07738187859069
3.9330078953766363	-10.089100338076447
3.9391792276733066	-10.10052056344495
3.945350559969977	-10.11160942866951
3.9515218922666473	-10.122333790687492
3.9576932245633176	-10.132661177764826
3.963864556859988	-10.142560539624311
3.9700358891566583	-10.15200300485077
3.976207221453327	-10.160962622107048
3.982378553749997	-10.169417061780422
3.9885498860466657	-10.177348242330227
3.994721218343336	-10.18474284239398
4.000892550640006	-10.191592714655016