-1.7400116317560979	-3.5870614431694063
-1.7337029458153699	-3.499341578885434
-1.727394259874642	-3.405812266314032
-1.7210855739339137	-3.3068029097151515
-1.7147768879931868	-3.2028177829495275
-1.7084682020524589	-3.0945726524363484
-1.7021595161117309	-2.9827810486729236
-1.6958508301710027	-2.8681367182777073
-1.6895421442302747	-2.7514111989738437
-1.6832334582895478	-2.633503746799625
-1.6769247723488196	-2.5152800253732677
-1.670616086408092	-2.39752005581437
-1.664307400467364	-2.280970732714839
-1.6579987145266357	-2.1663006460871927
-1.6516900285859089	-2.054236294446193
-1.6453813426451809	-1.9455253521797875
-1.639072656704453	-1.8407502775065685
-1.632763970763725	-1.7401997383383485
-1.626455284822997	-1.6439585320156016
-1.6201465988822696	-1.5521725761682257
-1.6138379129415419	-1.4650848841877324
-1.6075292270008137	-1.3829435292888892
-1.601220541060086	-1.305761773269083
-1.594911855119358	-1.2332746116880509
-1.5886031691786306	-1.1652243679964127
-1.582294483237903	-1.1015259859604702
-1.575985797297175	-1.0420156506461278
-1.5696771113564467	-0.9864053513069363
-1.563368425415719	-0.9347107366374195
-1.5570597394749919	-0.8870985492683945
-1.550751053534264	-0.8429312461232293
-1.544442367593536	-0.8012320897653143
-1.5381336816528077	-0.7612281493664164
-1.53182499571208	-0.7225372246616425
-1.525516309771352	-0.6851946298328193
-1.5192076238306247	-0.6493867587483166
-1.512898937889897	-0.6149515737865701
-1.506590251949169	-0.5815041830541214
-1.500281566008441	-0.5487827050074582
-1.4939728800677128	-0.5167831534286865
-1.487664194126986	-0.4855399511803583
-1.481355508186258	-0.4549204584300467
-1.47504682224553	-0.4247230595557988
-1.468738136304802	-0.3948496044673449
-1.462429450364074	-0.36534955363524213
-1.4561207644233458	-0.33632600366864046
-1.449812078482619	-0.3079307878672512
-1.4435033925418908	-0.2803539346502871
-1.437194706601163	-0.2536514785101507
-1.430886020660435	-0.2277077434079418
-1.424577334719707	-0.2023659877378994
-1.41826864877898	-0.1775452441979584
-1.411959962838252	-0.15330743304278782
-1.405651276897524	-0.1297564790742326
-1.399342590956796	-0.10688019169749041
-1.3930339050160678	-0.08448715298896646
-1.3867252190753407	-0.06240700291207556
-1.3804165331346128	-0.04060466089064541
-1.3741078471938848	-0.01928975391833842
-1.367799161253157	0.0012877992478990594
-1.361490475312429	0.02114875264694311
-1.355181789371702	0.04052041682038957
-1.3488731034309738	0.05961638451496215
-1.342564417490246	0.07849035594646293
-1.336255731549518	0.09699586404442749
-1.32994704560879	0.11498813371712531
-1.3236383596680628	0.13240699701272174
-1.3173296737273348	0.149284407344413
-1.311020987786607	0.16571911757579635
-1.304712301845879	0.18183655198226445
-1.2984036159051509	0.1976999680928627
-1.2920949299644238	0.2132784352697978
-1.2857862440236958	0.2284806470434753
-1.2794775580829678	0.2432481749155071
-1.27316887214224	0.25758786461346167
-1.266860186201512	0.27155494499006827
-1.260551500260785	0.28522120523429706
-1.2542428143200561	0.29864998671934123
-1.2479341283793288	0.3118665767909773
-1.241625442438601	0.32481790743567207
-1.2353167564978729	0.33738365247920854
-1.2290080705571451	0.3494120964150702
-1.2226993846164171	0.3607944408575612
-1.21639069867569	0.37148670051198424
-1.210082012734962	0.38150410167609705
-1.2037733267942339	0.3909442209611034
-1.197464640853506	0.39991805884356296
-1.1911559549127781	0.4085178174729592
-1.184847268972051	0.41676112109417107
-1.1785385830313229	0.4245504681768824
-1.172229897090595	0.4317002475508168
-1.1659212111498671	0.4380915661083716
-1.159612525209139	0.4437204039628049
-1.1533038392684118	0.4486704579282724
-1.146995153327684	0.45303124467053346
-1.140686467386956	0.4567898264614411
-1.1343777814462281	0.45983478104725795
-1.1280690955055002	0.4620957714266371
-1.121760409564773	0.4635599650934594
-1.115451723624045	0.4643046480401328
-1.109143037683317	0.46442004106697826
-1.102834351742589	0.4639486534376699
-1.096525665801861	0.4628586887042824
-1.0902169798611339	0.46109416601734243
-1.0839082939204059	0.45861386238454704
-1.0775996079796781	0.4554223298530391
-1.07129092203895	0.4515929960371289
-1.0649822360982222	0.44720589655406423
-1.058673550157495	0.4423226764713965
-1.0523648642167671	0.43696946098673145
-1.046056178276039	0.4311357506671629
-1.0397474923353112	0.42479422196506555
-1.0334388063945832	0.4179222412206384
-1.027130120453856	0.4105127625321454
-1.0208214345131281	0.40257593655900487
-1.0145127485724001	0.3941212608503443
-1.0082040626316722	0.3851509139936611
-1.001895376690944	0.3756905153844107
-0.995586690750217	0.36578549116593384
-0.9892780048094881	0.35547895327606266
-0.982969318868761	0.3448256566630046
-0.9766606329280331	0.3338629378393904
-0.9703519469873052	0.3226075257788903
-0.9640432610465771	0.31106101590246577
-0.9577345751058491	0.29922751607886056
-0.951425889165122	0.287120993194442
-0.9451172032243941	0.2747789322394947
-0.9388085172836661	0.2622586900842402
-0.9324998313429381	0.2496209847239221
-0.9261911454022101	0.23692420909720277
-0.9198824594614831	0.22421185615937494
-0.9135737735207551	0.2115166275915564
-0.9072650875800271	0.1988498907807868
-0.9009564016392991	0.1862168398078207
-0.8946477156985712	0.17362669045165732
-0.8883390297578442	0.16108529177483036
-0.8820303438171161	0.14861717158176518
-0.8757216578763881	0.1362455575225607
-0.8694129719356601	0.12399242897478713
-0.8631042859949322	0.11187592201211045
-0.8567956000542052	0.09990620170704365
-0.8504869141134771	0.08808351018135124
-0.8441782281727491	0.0764006349085454
-0.8378695422320211	0.0648486837400247
-0.8315608562912932	0.053404025218979766
-0.8252521703505661	0.042006572440312966
-0.8189434844098381	0.030627622258273597
-0.8126347984691101	0.01922218257991578
-0.8063261125283822	0.007764362086930956
-0.8000174265876542	-0.0037540609548229863
-0.7937087406469271	-0.015328460734491126
-0.7874000547061991	-0.026939659349906168
-0.7810913687654711	-0.03856084350623601
-0.7747826828247432	-0.05016944450861256
-0.7684739968840152	-0.06175390670305037
-0.7621653109432881	-0.07331484032159849
-0.7558566250025601	-0.08485665187645397
-0.7495479390618321	-0.09638220609010001
-0.7432392531211042	-0.10790085731794719
-0.7369305671803762	-0.11942331581079725
-0.7306218812396491	-0.13093897708286073
-0.7243131952989202	-0.14243170020054888
-0.7180045093581933	-0.1538748996789681
-0.7116958234174652	-0.16523925573724896
-0.7053871374767372	-0.17650053157797987
-0.6990784515360092	-0.18764507636093658
-0.6927697655952813	-0.1986644044977691
-0.6864610796545542	-0.20955881324751283
-0.6801523937138262	-0.22033663725484118
-0.6738437077730982	-0.23100634705574202
-0.6675350218323702	-0.24157758501147264
-0.6612263358916423	-0.25205369374501363
-0.6549176499509152	-0.2624378053711837
-0.6486089640101872	-0.2727339461849687
-0.6423002780694592	-0.28294250808744764
-0.6359915921287312	-0.29306393172613115
-0.6296829061880033	-0.30310150547030573
-0.6233742202472762	-0.31306296260595234
-0.6170655343065482	-0.32296059750484046
-0.6107568483658202	-0.3328103466455021
-0.6044481624250923	-0.3426271803061939
-0.5981394764843643	-0.3524277196116643
-0.5918307905436372	-0.3622271914246382
-0.5855221046029092	-0.3720445877593631
-0.5792134186621812	-0.3818976843135391
-0.5729047327214533	-0.3918028226172627
-0.5665960467807253	-0.401770851956349
-0.5602873608399982	-0.41181049561671296
-0.5539786748992702	-0.4219279069664403
-0.5476699889585422	-0.43212305115554456
-0.5413613030178143	-0.44239437573711937
-0.5350526170770863	-0.45273948576518425
-0.5287439311363592	-0.4631529126961592
-0.5224352451956312	-0.47362828852453376
-0.5161265592549034	-0.48415712111545806
-0.5098178733141753	-0.4947306555738652
-0.5035091873734473	-0.5053392584634004
-0.49720050143272027	-0.5159774262857452
-0.49089181549199223	-0.5266342329535479
-0.48458312955126426	-0.5372992206134958
-0.4782744436105362	-0.5479628178726046
-0.4719657576698083	-0.5586145895183725
-0.4656570717290813	-0.569243889851222
-0.45934838578835235	-0.5798387975761843
-0.45303969984762527	-0.5903874291744453
-0.4467310139068973	-0.6008787489629491
-0.4404223279661693	-0.6113008651402991
-0.43411364202544134	-0.6216437012168828
-0.42780495608471336	-0.6318999750774598
-0.4214962701439863	-0.642058004229683
-0.4151875842032583	-0.652106263206546
-0.4088788982625304	-0.6620356630708363
-0.40257021232180235	-0.6718444911097244
-0.3962615263810744	-0.6815364034380277
-0.38995284044034734	-0.6911091252348209
-0.3836441544996193	-0.7005656051288597
-0.37733546855889133	-0.7099140151848022
-0.37102678261816335	-0.7191641119111245
-0.3647180966774354	-0.72832760893346
-0.35840941073670823	-0.7374183053869361
-0.35210072479598026	-0.7464513597444908
-0.3457920388552524	-0.7554454900931816
-0.3394833529145244	-0.7644197794421971
-0.3331746669737964	-0.7733901484084202
-0.3268659810330693	-0.782370193151009
-0.3205572950923414	-0.7913739634289392
-0.31424860915161335	-0.8004124893833817
-0.30793992321088537	-0.8094944535481777
-0.3016312372701574	-0.8186256225829585
-0.29532255132943025	-0.8278109037566704
-0.28901386538870144	-0.8370550290867623
-0.2827051794479744	-0.8463590869245718
-0.2763964935072464	-0.8557180365943848
-0.27008780756651835	-0.8651259911559102
-0.2637791216257913	-0.8745745745973624
-0.2574704356850625	-0.8840542447060761
-0.2511617497443354	-0.8935539863104467
-0.2448530638036074	-0.9030624992056506
-0.2385443778628794	-0.9125655614712269
-0.23223569192215238	-0.9220543007091542
-0.2259270059814235	-0.9315176403101286
-0.2196183200406964	-0.9409430562439565
-0.21330963409996836	-0.9503193364221989
-0.2070009481592404	-0.9596381008401813
-0.20069226221851333	-0.9688933746160795
-0.1943835762777845	-0.9780797628262332
-0.18807489033705738	-0.987193632536403
-0.1817662043963294	-0.9962332303881256
-0.17545751845560148	-1.0051967778380257
-0.16914883251487434	-1.0140861392986207
-0.16284014657414547	-1.0229036630033022
-0.15653146063341838	-1.0316550224115058
-0.15022277469269044	-1.0403476707681039
-0.1439140887519625	-1.0489886902048282
-0.1376054028112354	-1.0575851748823517
-0.13129671687050645	-1.0661460565633119
-0.12498803092977942	-1.0746806755739062
-0.11867934498905147	-1.0831978934746493
-0.11237065904832343	-1.091707253979704
-0.10606197310759637	-1.1002183526908302
-0.0997532871668675	-1.1087403118360246
-0.0934446012261404	-1.1172815699683414
-0.08713591528541241	-1.1258513523407216
-0.08082722934468442	-1.1344577768943622
-0.07451854340395651	-1.1431089757945296
-0.0682098574632285	-1.1518116189439556
-0.061901171522501415	-1.1605713410642928
-0.05559248558177342	-1.1693928033068752
-0.04928379964104548	-1.1782803043235763
-0.04297511370031745	-1.187236993798853
-0.03666642775958951	-1.196264720600996
-0.030357741818862437	-1.2053644981690974
-0.02404905587813354	-1.2145364818154485
-0.017740369937406474	-1.223781925439358
-0.011431683996678536	-1.2331003219380203
-0.005122998055950517	-1.2424916439461902
0.0011856878847765053	-1.2519547146187
0.007494373825505427	-1.2614887792885325
0.0138030597662325	-1.27109211094988
0.020111745706960466	-1.280763080785423
0.02642043164768849	-1.2904981235570498
0.03272911758841556	-1.3002947983849575
0.03903780352914441	-1.3101501126621826
0.04534648946987154	-1.3200603821104262
0.05165517541059944	-1.3300225699737611
0.05796386135132745	-1.3400331523693065
0.06427254729205452	-1.3500889227016484
0.07058123323278337	-1.3601864232293306
0.07688991917351057	-1.3703217997203319
0.08319860511423842	-1.380491000060621
0.08950729105496645	-1.3906898962217988
0.09581597699569355	-1.4009157061984574
0.1021246629364224	-1.4111653684700953
0.10843334887714945	-1.4214364450648653
0.11474203481787747	-1.4317260811620027
0.12105072075860546	-1.4420315800292116
0.12735940669933257	-1.4523506191137936
0.1336680926400614	-1.4626810102146721
0.13997677858078852	-1.4730203487557065
0.14628546452151642	-1.4833664205221042
0.15259415046224445	-1.4937164512024879
0.1589028364029716	-1.5040681160843608
0.16521152234370035	-1.5144177142952828
0.17152020828442746	-1.5247633361258315
0.1778288942251554	-1.5351026041714226
0.1841375801658835	-1.545435219256107
0.19044626610661136	-1.555760688265585
0.19675495204733937	-1.5660779165883418
0.20306363798806648	-1.576386583706068
0.20937232392879448	-1.5866858243142885
0.2156810098695224	-1.596975091919457
0.2219896958102504	-1.6072540222372946
0.22829838175097839	-1.617523255306644
0.2346070676917055	-1.6277831374044278
0.24091575363243434	-1.6380342096589173
0.2472244395731614	-1.6482767846722266
0.2535331255138894	-1.6585097702771003
0.2598418114546173	-1.6687324015088572
0.26615049739534447	-1.6789443979924759
0.27245918333607333	-1.6891451928865948
0.2787678692768004	-1.6993355683221778
0.2850765552175284	-1.709517276318768
0.2913852411582563	-1.7196918631343285
0.29769392709898346	-1.7298601038857062
0.30400261303971227	-1.740023054246207
0.31031129898043947	-1.7501809137087716
0.31661998492116733	-1.7603339892824221
0.32292867086189536	-1.7704824859039954
0.3292373568026224	-1.7806270658409975
0.33554604274335126	-1.7907683847462712
0.3418547286840784	-1.8009074448470126
0.3481634146248064	-1.8110449656644
0.3544721005655343	-1.8211818254975662
0.36078078650626144	-1.8313181503341984
0.36708947244699025	-1.8414535684627635
0.3733981583877174	-1.8515883982540715
0.37970684432844537	-1.8617225769708015
0.3860155302691733	-1.871855719351976
0.3923242162099004	-1.8819876063372325
0.39863290215062935	-1.8921185852836355
0.4049415880913564	-1.9022488274284843
0.41125027403208436	-1.9123791734589397
0.4175589599728124	-1.9225098140890546
0.4238676459135394	-1.9326418624810955
0.43017633185426823	-1.9427752307164252
0.4364850177949953	-1.9529106947414647
0.4427937037357233	-1.9630478814394723
0.44910238967645133	-1.9731860885635994
0.4554110756171793	-1.9833250072397621
0.4617197615579073	-1.9934638478990887
0.4680284474986343	-2.0036024976764804
0.47433713343936235	-2.013740938698201
0.48064581938009027	-2.0238792465963766
0.4869545053208183	-2.034016696116814
0.4932631912615462	-2.0441533315099925
0.49957187720227336	-2.054288901924348
0.5058805631430022	-2.064423534489802
0.5121892490837293	-2.0745582446699027
0.5184979350244564	-2.084693812337658
0.5248066209651853	-2.094830407424345
0.5311153069059124	-2.104968485630262
0.5374239928466412	-2.1151078980359608
0.5437326787873683	-2.12524785545808
0.5500413647280954	-2.135388264866723
0.5563500506688243	-2.1455291133535486
0.5626587366095513	-2.155670392280528
0.5689674225502802	-2.165812052950508
0.5752761084910073	-2.175953911686256
0.5815847944317344	-2.1860958636079366
0.5878934803724633	-2.1962377645275564
0.5942021663131903	-2.206379384651778
0.6005108522539192	-2.216520453332027
0.6068195381946463	-2.2266608620655948
0.6131282241353734	-2.2368004693342036
0.6194369100761022	-2.2469391976426234
0.6257455960168293	-2.257076902058792
0.6320542819575582	-2.2672134373801076
0.6383629678982852	-2.2773489074552327
0.6446716538390124	-2.2874833936505565
0.6509803397797412	-2.2976169735252294
0.6572890257204682	-2.3077496742026535
0.6635977116611972	-2.3178814643592576
0.6699063976019243	-2.3280095250952275
0.6762150835426514	-2.3381320570607973
0.6825237694833802	-2.348248762464193
0.6888324554241073	-2.358357844519514
0.6951411413648362	-2.3684575935520176
0.7014498273055633	-2.3785467315231723
0.7077585132462905	-2.3886250623524985
0.7140671991870191	-2.398691646262779
0.7203758851277481	-2.4087448380553758
0.7266845710684752	-2.4187826755840147
0.7329932570092023	-2.4288030066009165
0.7393019429499293	-2.438803499804197
0.7456106288906582	-2.4487828278506782
0.7519193148313871	-2.4587400276220843
0.7582280007721142	-2.468674822360937
0.7645366867128413	-2.4785872468422547
0.7708453726535701	-2.488476953662639
0.7771540585942971	-2.498343237599026
0.7834627445350261	-2.5081843494443614
0.7897714304757532	-2.5180002101760652
0.7960801164164801	-2.5277906944201756
0.8023888023572091	-2.537556129816146
0.8086974882979362	-2.5472982495681804
0.8150061742386651	-2.5570207400058202
0.8213148601793921	-2.566726083240967
0.8276235461201192	-2.5764154787819784
0.8339322320608481	-2.5860911461289877
0.8402409180015752	-2.595755636032599
0.846549603942304	-2.605411649672521
0.8528582898830311	-2.615062081144417
0.8591669758237582	-2.624709858437524
0.8654756617644871	-2.634357708698014
0.8717843477052142	-2.6440082690684643
0.878093033645943	-2.6536640744074207
0.8844017195866701	-2.6633274390303128
0.8907104055273972	-2.67300040872722
0.8970190914681261	-2.682684757907227
0.9033277774088532	-2.692381755528189
0.909636463349582	-2.70209251812395
0.9159451492903091	-2.711817986419656
0.9222538352310362	-2.7215587895678293
0.9285625211717651	-2.731317390756963
0.934871207112492	-2.7410943836545405
0.941179893053221	-2.7508886826901047
0.9474885789939481	-2.760700248276395
0.9537972649346752	-2.7705285669274793
0.9601059508754042	-2.7803724448246188
0.966414636816131	-2.790229850624284
0.97272332275686	-2.8000993763280033
0.9790320086975871	-2.8099801430952063
0.9853406946383142	-2.8198715167985107
0.991649380579043	-2.829772722429725
0.9979580665197701	-2.8396829497233957
1.0042667524604991	-2.8496005476114026
1.010575438401226	-2.859523811585037
1.0168841243419533	-2.8694508343895966
1.023192810282682	-2.879380061997937
1.0295014962234093	-2.8893108750547922
1.035810182164138	-2.89924335251683
1.042118868104865	-2.909178580529456
1.048427554045592	-2.919116031133763
1.054736239986321	-2.9290555501401028
1.061044925927048	-2.9389968195938545
1.0673536118677769	-2.9489387124555204
1.0736622978085042	-2.958879065175037
1.079970983749231	-2.968817733266455
1.0862796696899601	-2.9787560283653587
1.092588355630687	-2.9886943260455445
1.098897041571416	-2.9986326203232734
1.1052057275121432	-3.008570911028489
1.1115144134528703	-3.018509198346149
1.117823099393599	-3.0284474889240798
1.124131785334326	-3.0383857829375716
1.130440471275055	-3.0483240806355894
1.136749157215782	-3.058262375924603
1.1430578431565093	-3.068200667668567
1.149366529097238	-3.0781389559556853
1.155675215037965	-3.08807724540319
1.161983900978694	-3.098015538377021
1.1682925869194212	-3.1079538349517333
1.174601272860148	-3.1178921312231753
1.180909958800877	-3.1278304240192725
1.1872186447416042	-3.1377687133162673
1.1935273306823329	-3.1477070016882527
1.19983601662306	-3.1576452936786232
1.206144702563787	-3.1675835891789896
1.2124533885045161	-3.177521886468004
1.218762074445243	-3.1874601803377853
1.225070760385972	-3.1973984706554317
1.2313794463266992	-3.2073367579597165
1.2376881322674262	-3.2172750489795936
1.2439968182081549	-3.227213343435938
1.250305504148884	-3.2371516416400765
1.2566141900896108	-3.247089936653827
1.262922876030338	-3.2570282281166625
1.269231561971065	-3.2669665161545645
1.275540247911794	-3.2769048061635293
1.281848933852523	-3.2868430996703735
1.28815761979325	-3.2967813968165407
1.2944663057339771	-3.306719692858477
1.300774991674706	-3.316657985403446
1.307083677615433	-3.3265962744690944
1.3133923635561617	-3.33653456341037
1.3197010494968888	-3.3464728559334933
1.3260097354376161	-3.356411151996918
1.3323184213783448	-3.366349449039093
1.3386271073190719	-3.376287742628307
1.344935793259801	-3.3862260326693767
1.3512444792005278	-3.3961643204770393
1.357553165141255	-3.406102611938978
1.3638618510819838	-3.4160409068382913
1.3701705370227109	-3.4259792048049444
1.3764792229634397	-3.4359174993834634
1.382787908904167	-3.4458557903816085
1.389096594844894	-3.4557940779623517
1.395405280785623	-3.4657323683005026
1.4017139667263498	-3.4756706620841475
1.4080226526670787	-3.4856089595231405
1.414331338607806	-3.495547255036775
1.420640024548533	-3.50548554701535
1.4269487104892618	-3.5154238355224328
1.4332573964299888	-3.525362124699502
1.4395660823707177	-3.535300417421706
1.4458747683114448	-3.545238713721352
1.452183454252172	-3.555177010203913
1.4584921401929007	-3.565115303221682
1.4648008261336278	-3.5750535927247125
1.4711095120743567	-3.5849918808109758
1.477418198015084	-3.5949301725329708
1.4837268839558109	-3.604868467741291
1.4900355698965397	-3.6148067652259446
1.4963442558372668	-3.6247450593065724
1.5026529417779957	-3.6346833498274873
1.5089616277187228	-3.644621636987654
1.5152703136594499	-3.6545599277384158
1.5215789996001787	-3.664498221925094
1.5278876855409058	-3.6744365198210396
1.534196371481635	-3.684374815002406
1.540505057422362	-3.6943131066364296
1.546813743363089	-3.704251394826087
1.5531224293038177	-3.714189684493162
1.559431115244545	-3.7241279776754372
1.5657398011852737	-3.7340662744736286
1.5720484871260008	-3.744004570655318
1.578357173066728	-3.7539428633532066
1.584665859007457	-3.763881152559729
1.5909745449481838	-3.7738194411543455
1.5972832308889127	-3.783757733353059
1.6035919168296398	-3.793696029073621
1.6099006027703668	-3.803634326266104
1.6162092887110957	-3.8135726200261644
1.6225179746518228	-3.8235109102356493
1.6288266605925517	-3.8334491977367904
1.6351353465332787	-3.843387488929544
1.6414440324740058	-3.8533257835591197
1.6477527184147347	-3.8632640817692283
1.6540614043554618	-3.8732023766340227
1.6603700902961909	-3.883140667939517
1.666678776236918	-3.8930789558262653
1.672987462177645	-3.903017245994854
1.679296148118374	-3.912955539644015
1.6856048340591008	-3.9228938369417476
1.6919135199998296	-3.9328321328167832
1.6982222059405567	-3.9427704251821436
1.7045308918812838	-3.9527087140728328
1.7108395778220127	-3.9626470031506615
1.7171482637627415	-3.9725852957960024
1.7234569497034686	-3.982523591995263
1.7297656356441957	-3.992461888860149
1.7360743215849228	-4.002400182264536
1.7423830075256517	-4.012338472129934
1.7486916934663805	-4.02227676007644
1.7550003794071076	-4.0322150516642825
1.761309065347835	-4.042153346702258
1.767617751288562	-4.052091644491323
1.7739264372292907	-4.062029938878807
1.7802351231700198	-4.071968229686648
1.7865438091107466	-4.081906517092008
1.7928524950514737	-4.0918448075736995
1.7991611809922008	-4.101783101490754
1.8054698669329297	-4.111721399078557
1.8117785528736587	-4.121659694427514
1.8180872388143858	-4.131597986232697
1.824395924755113	-4.141536274574085
1.8307046106958398	-4.151474563899324
1.8370132966365686	-4.161412856757085
1.8433219825772975	-4.171351153207354
1.8496306685180246	-4.181289449528775
1.8559393544587517	-4.191227742379558
1.8622480403994788	-4.201166031726932
1.8685567263402076	-4.211104319974947
1.8748654122809367	-4.2210426118493025
1.8811740982216638	-4.230980907227055
1.8874827841623907	-4.240919204569823
1.8937914701031178	-4.250857498500702
1.9001001560438466	-4.260795788878576
1.9064088419845757	-4.270734076073245
1.9127175279253026	-4.280672366996855
1.9190262138660297	-4.290610661356737
1.9253348998067568	-4.300548959450633
1.9316435857474858	-4.3104872545243405
1.9379522716882147	-4.320425546048412
1.9442609576289416	-4.3303638341405986
1.9505696435696687	-4.340302124027265
1.9568783295103958	-4.350240417418007
1.9631870154511246	-4.3601787144397
1.9694957013918537	-4.370117010531628
1.9758043873325806	-4.380055303131297
1.9821130732733077	-4.389993592247338
1.9884217592140365	-4.399931881064609
1.9947304451547638	-4.409870173471688
2.0010391310954927	-4.419808469412467
2.00734781703622	-4.429746766508409
2.013656502976947	-4.4396850601587365
2.0199651889176757	-4.449623350260051
2.026273874858403	-4.459561637958068
2.0325825607991317	-4.469499929323715
2.0388912467398588	-4.4794382241265405
2.045199932680586	-4.4893765221802795
2.0515086186213147	-4.499314816861204
2.057817304562042	-4.509253107969291
2.0641259905027707	-4.519191395659496
2.0704346764434978	-4.529129685936991
2.076743362384225	-4.53906797967253
2.0830520483249537	-4.549006277060993
2.089360734265681	-4.558944572703904
2.0956694202064097	-4.568882864820837
2.1019781061471368	-4.57882115346514
2.108286792087864	-4.58875944260671
2.1145954780285927	-4.5986977353014185
2.1209041639693216	-4.608636031565156
2.1272128499100487	-4.618574328184478
2.1335215358507758	-4.628512621340545
2.139830221791503	-4.638450910973199
2.1461389077322317	-4.648389199009468
2.1524475936729606	-4.658327490683476
2.1587562796136877	-4.668265785830863
2.1650649655544147	-4.678204083424406
2.171373651495142	-4.688142377614801
2.1776823374358707	-4.698080668238353
2.1839910233765996	-4.708018955486227
2.1902997093173266	-4.71795724614074
2.1966083952580537	-4.72789554023097
2.202917081198781	-4.737833838016691
2.2092257671395097	-4.747772133258006
2.2155344530802386	-4.757710424953255
2.2218431390209656	-4.767648713197188
2.2281518249616927	-4.777587002741985
2.23446051090242	-4.787525295808177
2.2407691968431487	-4.797463592481914
2.2470778827838775	-4.807401888713586
2.2533865687246046	-4.817340181466166
2.2596952546653317	-4.827278470723073
2.266003940606059	-4.837216759193706
2.2723126265467877	-4.847155051276394
2.2786213124875165	-4.857093346874329
2.2849299984282436	-4.867031644120571
2.2912386843689707	-4.876969937941734
2.297547370309698	-4.886908228211455
2.3038560562504267	-4.896846515602966
2.3101647421911555	-4.906784806699444
2.3164734281318826	-4.916723101232549
2.3227821140726097	-4.926661399524412
2.329090800013337	-4.936599694490452
2.3353994859540657	-4.946537985904559
2.3417081718947945	-4.9564762738992645
2.3480168578355216	-4.9664145640055475
2.3543255437762487	-4.976352857604778
2.360634229716976	-4.986291154849995
2.3669429156577046	-4.996229450852151
2.3732516015984335	-5.0061677433535925
2.3795602875391606	-5.016106032379141
2.3858689734798877	-5.026044321419091
2.3921776594206148	-5.035982614034555
2.3984863453613436	-5.0459209101955755
2.4047950313020725	-5.055859207194965
2.4111037172427996	-5.065797500735548
2.4174124031835267	-5.075735790728681
2.4237210891242538	-5.085674078623592
2.4300297750649826	-5.095612370162153
2.4363384610057115	-5.105550665138246
2.4426471469464386	-5.115488963035601
2.4489558328871657	-5.125427257532633
2.4552645188278928	-5.135365548443294
2.4615732047686216	-5.145303835936932
2.4678818907093505	-5.1552421263233486
2.4741905766500776	-5.165180420145273
2.4804992625908047	-5.175118717624476
2.4868079485315318	-5.185057013035239
2.4931166344722606	-5.194995304903719
2.4994253204129895	-5.204933593301609
2.5057340063537166	-5.214871882506928
2.5120426922944437	-5.22481017525101
2.5183513782351725	-5.2347484715792305
2.5246600641758996	-5.244686767952964
2.5309687501166285	-5.2546250608606835
2.5372774360573556	-5.26456335026057
2.5435861219980826	-5.274501638386615
2.5498948079388115	-5.284439930146794
2.5562034938795386	-5.294378225403603
2.5625121798202675	-5.3043165228016065
2.5688208657609946	-5.31425481679489
2.5751295517017216	-5.324193107234132
2.5814382376424505	-5.334131394324507
2.5877469235831776	-5.344069685151858
2.5940556095239065	-5.354007979415283
2.6003642954646335	-5.363946277398941
2.6066729814053606	-5.373884572532603
2.6129816673460895	-5.3838228641179064
2.6192903532868166	-5.393761152264375
2.6255990392275455	-5.403699442028751
2.6319077251682725	-5.413637735303399
2.6382164111089996	-5.423576032200623
2.6445250970497285	-5.433514328342539
2.6508337829904574	-5.443452620996907
2.6571424689311844	-5.453390910163336
2.6634511548719115	-5.463329198856613
2.6697598408126386	-5.473267491147653
2.6760685267533675	-5.483205786965793
2.6823772126940963	-5.493144084115498
2.6886858986348234	-5.503082377826935
2.6949945845755505	-5.513020667988489
2.7013032705162776	-5.522958955576867
2.7076119564570065	-5.53289724684623
2.7139206423977353	-5.542835541552574
2.7202293283384624	-5.552773839693393
2.7265380142791895	-5.562712134476715
2.7328467002199166	-5.5726504256947385
2.7391553861606455	-5.582588713494397
2.7454640721013743	-5.592527003711244
2.7517727580421014	-5.602465297398679
2.7580814439828285	-5.612403594736613
2.7643901299235556	-5.622341890508795
2.7706988158642845	-5.6322801827640765
2.7770075018050133	-5.642218471545592
2.7833161877457404	-5.652156760651664
2.7896248736864675	-5.662095053318881
2.7959335596271946	-5.6720333495467115
2.8022422455679235	-5.681971646302787
2.8085509315086523	-5.691909939597142
2.8148596174493794	-5.7018482293594115
2.8211683033901065	-5.711786517345691
2.8274769893308336	-5.721724808971714
2.8337856752715624	-5.73166310405817
2.8400943612122913	-5.741601401760601
2.8464030471530184	-5.751539696060753
2.8527117330937455	-5.761477986786936
2.8590204190344726	-5.771416274122514
2.8653291049752014	-5.7813545646807825
2.8716377909159303	-5.791292858674571
2.8779464768566574	-5.801231156350072
2.8842551627973845	-5.811169451651332
2.8905638487381116	-5.8211077434078025
2.8968725346788404	-5.831046031706009
2.9031812206195693	-5.840984321128534
2.9094899065602964	-5.850922614078651
2.9157985925010235	-5.860860910627939
2.9221072784417506	-5.870799206909592
2.9284159643824794	-5.8807374997168615
2.9347246503232083	-5.89067578902415
2.9410333362639354	-5.900614077370807
2.9473420222046625	-5.9105523693374735
2.9536507081453895	-5.920490664812791
2.9599593940861184	-5.930428962112788
2.9662680800268473	-5.940367255995051
2.9725767659675744	-5.950305546325001
2.9788854519083015	-5.960243833606892
2.9851941378490285	-5.970182124607101
2.9915028237897574	-5.980120419043737
2.9978115097304863	-5.990058717225352
3.0041201956712134	-5.999997012251352
3.0104288816119404	-6.0099353037266985
3.0167375675526675	-6.019873591775691
3.0230462534933964	-6.02981188175967
3.0293549394341253	-6.039750175242793
3.0356636253748523	-6.04968847236353
3.0419723113155794	-6.059626768415679
3.0482809972563083	-6.069565060971825
3.0545896831970354	-6.079503350047769
3.0608983691377643	-6.089441638963709
3.0672070550784913	-6.099379931463123
3.0735157410192184	-6.1093182275014914
3.0798244269599473	-6.11925652455465
3.0861331129006744	-6.129194818156352
3.0924417988414032	-6.1391331082097285
3.0987504847821303	-6.14907139599499
3.1050591707228574	-6.159009687437257
3.1113678566635863	-6.1689479823168565
3.1176765426043134	-6.178886280301301
3.1239852285450422	-6.1888245749007424
3.1302939144857693	-6.198762865921349
3.1366026004264964	-6.208701153524457
3.1429112863672253	-6.218639443850215
3.1492199723079524	-6.228577737624032
3.1555286582486812	-6.238516035052701
3.1618373441894083	-6.248454330592748
3.1681460301301354	-6.25839262259959
3.1744547160708643	-6.268330911134707
3.180763402011593	-6.278269200304525
3.18707208795232	-6.288207493021111
3.1933807738930473	-6.298145789313421
3.1996894598337744	-6.308084085823922
3.2059981457745033	-6.318022378869946
3.212306831715232	-6.327960668399459
3.218615517655959	-6.3378989564755095
3.2249242035966863	-6.3478372481877
3.2312328895374134	-6.357775543383572
3.2375415754781423	-6.367713840890471
3.243850261418871	-6.377652134993527
3.250158947359598	-6.38759042553541
3.2564676333003253	-6.397528712713496
3.2627763192410524	-6.4074670034445935
3.2690850051817812	-6.417405297611567
3.27539369112251	-6.427343595484993
3.281702377063237	-6.437281890678607
3.2880110630039643	-6.44722018232514
3.2943197489446914	-6.457158470525886
3.3006284348854202	-6.467096760167978
3.306937120826149	-6.477035053326538
3.313245806766876	-6.486973350099301
3.3195544927076033	-6.496911646291203
3.3258631786483304	-6.506849939000265
3.3321718645890592	-6.516788228217082
3.338480550529788	-6.526726516786369
3.344789236470515	-6.536664808961376
3.3510979224112423	-6.546603104656884
3.3574066083519694	-6.556541401860351
3.363715294292698	-6.5664796956328955
3.370023980233427	-6.576417985854688
3.376332666174154	-6.58635627333343
3.3826413521148813	-6.596294564506514
3.3889500380556083	-6.606232859116379
3.395258723996337	-6.616171157344278
3.401567409937066	-6.626109452229991
3.407876095877793	-6.636047743557943
3.4141847818185203	-6.645986031467052
3.4204934677592473	-6.6559243216232495
3.426802153699976	-6.665862615262585
3.433110839640705	-6.675800912549995
3.439419525581432	-6.685739208451438
3.4457282115221592	-6.695677500845061
3.4520368974628863	-6.705615789763781
3.458345583403615	-6.715554078834359
3.464654269344344	-6.725492371474083
3.470962955285071	-6.735430667666008
3.4772716412257982	-6.74536896455883
3.4835803271665253	-6.755307257991468
3.489889013107254	-6.765245547883344
3.496197699047983	-6.775183835819638
3.50250638498871	-6.785122127397678
3.5088150709294372	-6.795060422423207
3.5151237568701643	-6.804998720234516
3.521432442810893	-6.814937014644421
3.527741128751622	-6.8248753054732285
3.534049814692349	-6.834813592896504
3.540358500633076	-6.844751883358535
3.5466671865738033	-6.854690177255888
3.552975872514532	-6.864628474821175
3.559284558455261	-6.874566770182376
3.565593244395988	-6.884505062000068
3.571901930336715	-6.894443350352543
3.578210616277444	-6.904381639652804
3.584519302218171	-6.914319932486851
3.5908279881589	-6.9242582289116985
3.597136674099627	-6.934196525243329
3.603445360040354	-6.944134818105285
3.609754045981083	-6.954073107462951
3.61606273192181	-6.964011395685638
3.622371417862539	-6.973949687536293
3.628680103803266	-6.983887982888997
3.634988789743993	-6.993826280242746
3.641297475684722	-7.003764574186107
3.647606161625449	-7.013702864576285
3.653914847566178	-7.023641151748559
3.660223533506905	-7.0335794426525045
3.666532219447632	-7.043517736992679
3.672840905388361	-7.053456035064051
3.679149591329088	-7.063394330150009
3.685458277269817	-7.07333262168659
3.691766963210544	-7.083270909789868
3.698075649151271	-7.093209199651549
3.704384335092	-7.1031474930185725
3.710693021032729	-7.1130857900148365
3.717001706973456	-7.123024086116976
3.723310392914183	-7.132962378727822
3.72961907885491	-7.142900667854158
3.735927764795639	-7.152838956646097
3.742236450736368	-7.1627772490294666
3.748545136677095	-7.17271554494519
3.754853822617822	-7.182653842052114
3.761162508558549	-7.1925921357149285
3.767471194499278	-7.20253042582855
3.773779880440007	-7.212468713504167
3.780088566380734	-7.222407004850143
3.786397252321461	-7.232345299633256
3.792705938262188	-7.242283597704787
3.799014624202917	-7.25222189240663
3.805323310143646	-7.262160183537178
3.811631996084373	-7.272098471249745
3.8179406820251	-7.28203676151485
3.824249367965827	-7.291975055240561
3.830558053906556	-7.301913352618701
3.836866739847285	-7.311851648288023
3.843175425788012	-7.321789940433221
3.849484111728739	-7.331728229105557
3.855792797669466	-7.341666518239876
3.862101483610195	-7.351604810928968
3.868410169550924	-7.361543107185367
3.874718855491651	-7.371481403832629
3.881027541432378	-7.381363899340286
3.887336227373105	-7.391178596626583
3.893644913313834	-7.4009117302938705
3.899953599254563	-7.410547708201947
3.90626228519529	-7.4200690909146765
3.912570971136017	-7.429456643921698
3.918879657076744	-7.438689450268839
3.925188343017473	-7.44774509602593
3.931497028958202	-7.456599932115893
3.937805714898929	-7.465229418665787
3.944114400839656	-7.473608522111234
3.950423086780383	-7.481712196114365
3.956731772721112	-7.489515906846811
3.963040458661841	-7.496996191787845
3.969349144602568	-7.504131232115642
3.975657830543295	-7.510901420206741
3.981966516484022	-7.517289882656577
3.988275202424751	-7.523282953791588
3.99458388836548	-7.528870572713491
4.0008925743062065	-7.534046579690065