-2.0664841729864025	-3.6535845674651597
-2.0600839865441105	-3.615767124625369
-2.0536838001018194	-3.577594201502871
-2.0472836136595274	-3.539092891443573
-2.0408834272172354	-3.5000875949002515
-2.0344832407749434	-3.4604748697516503
-2.0280830543326522	-3.420305478772063
-2.0216828678903602	-3.379481119152089
-2.015282681448068	-3.337937892194142
-2.008882495005776	-3.295580776387735
-2.002482308563485	-3.2522773628522486
-1.996082122121193	-3.2079021674775126
-1.989681935678901	-3.1624378085744533
-1.983281749236609	-3.115997253538375
-1.9768815627943181	-3.0686387341205448
-1.9704813763520261	-3.020304687383539
-1.9640811899097341	-2.970957227448839
-1.9576810034674421	-2.920638930049178
-1.951280817025151	-2.8693572416517616
-1.9448806305828588	-2.817079769956061
-1.938480444140567	-2.76381722030194
-1.9320802576982756	-2.709563883643211
-1.9256800712559838	-2.6543371043226514
-1.9192798848136918	-2.5982432485618507
-1.9128796983713996	-2.5415442729412927
-1.9064795119291078	-2.4845070380133913
-1.9000793254868167	-2.427297690637836
-1.8936791390445245	-2.369964831481062
-1.8872789526022327	-2.312563869973804
-1.8808787661599415	-2.255039626429431
-1.8744785797176495	-2.1973579870052524
-1.8680783932753575	-2.139635813525998
-1.8616782068330655	-2.082191704523304
-1.8552780203907742	-2.0253461836670645
-1.8488778339484824	-1.9692912958893347
-1.8424776475061901	-1.9141087680558968
-1.8360774610638981	-1.8597870771907645
-1.8296772746216072	-1.8062582833072283
-1.8232770881793152	-1.753444991739035
-1.8168769017370232	-1.7014170330724914
-1.8104767152947312	-1.6504324050316503
-1.8040765288524399	-1.6007021621214514
-1.7976763424101478	-1.5522660339984817
-1.791276155967856	-1.5050846236388553
-1.784875969525564	-1.4589988471406623
-1.7784757830832727	-1.4139290750030227
-1.7720755966409807	-1.3698829402497528
-1.765675410198689	-1.3269323043281318
-1.7592752237563967	-1.2852044717746485
-1.7528750373141055	-1.2447293163281195
-1.7464748508718138	-1.2054929864763682
-1.7400746644295217	-1.1674091560082245
-1.7336744779872304	-1.1303408458346031
-1.7272742915449384	-1.0941509215217142
-1.7208741051026464	-1.0587355949432458
-1.7144739186603544	-1.024136372126933
-1.7080737322180626	-0.9904789335536341
-1.7016735457757715	-0.9578043298552256
-1.6952733593334792	-0.9260817888450266
-1.6888731728911872	-0.8952542072905914
-1.6824729864488963	-0.8652777691029416
-1.6760728000066043	-0.836083319033313
-1.669672613564312	-0.8076409407597992
-1.6632724271220203	-0.7799230104669032
-1.656872240679728	-0.7529312453564388
-1.6504720542374371	-0.7266054053408967
-1.644071867795145	-0.7008876764071003
-1.637671681352853	-0.6757694908022723
-1.631271494910562	-0.6512814253460129
-1.6248713084682698	-0.627366075247825
-1.618471122025978	-0.6039927327905186
-1.6120709355836857	-0.581070980462183
-1.6056707491413948	-0.5584740379768762
-1.5992705626991028	-0.5360986291309565
-1.5928703762568108	-0.5139112088922552
-1.5864701898145186	-0.4919358120092837
-1.5800700033722275	-0.47022341602082945
-1.5736698169299357	-0.4487878495017747
-1.5672696304876435	-0.42764849583877373
-1.5608694440453514	-0.4068285802147354
-1.5544692576030605	-0.38623272824125404
-1.5480690711607683	-0.3657022600972776
-1.5416688847184763	-0.3452084397327823
-1.5352686982761845	-0.324871569469996
-1.5288685118338934	-0.30486926794360336
-1.5224683253916014	-0.28537957156873767
-1.5160681389493094	-0.2664811330706535
-1.5096679525070174	-0.2480769620891259
-1.5032677660647262	-0.23000630788012366
-1.496867579622434	-0.21221147663189016
-1.4904673931801422	-0.194722414339174
-1.484067206737851	-0.17764538331923294
-1.477667020295559	-0.16112134941485792
-1.471266833853267	-0.1452631520526831
-1.464866647410975	-0.13006966942256493
-1.4584664609686828	-0.11545643484549203
-1.4520662745263917	-0.10128584222880435
-1.4456660880841	-0.0874895559496926
-1.4392659016418077	-0.07409326071518454
-1.4328657151995168	-0.0611576872299273
-1.4264655287572248	-0.04873369051317197
-1.4200653423149325	-0.036801637799979296
-1.4136651558726407	-0.025302708082954373
-1.4072649694303487	-0.014123343542701975
-1.4008647829880576	-0.0031221930512645374
-1.3944645965457656	0.007819911755542967
-1.3880644101034736	0.018777897396725952
-1.3816642236611825	0.029785590231736603
-1.3752640372188905	0.040838700584127155
-1.3688638507765984	0.05192450751566299
-1.3624636643343062	0.06299507066253764
-1.3560634778920142	0.07399630415613032
-1.349663291449723	0.08491684513414563
-1.3432631050074313	0.09580014441897049
-1.3368629185651402	0.1067258920691691
-1.330462732122848	0.11774911953571439
-1.3240625456805561	0.12884691677944857
-1.3176623592382641	0.13990665425896193
-1.311262172795972	0.15077370165163737
-1.304861986353681	0.1613168680167594
-1.298461799911389	0.17150043137909582
-1.292061613469097	0.1813453563891169
-1.2856614270268059	0.19090035641630887
-1.2792612405845136	0.200210325071893
-1.2728610541422216	0.20927674347090303
-1.2664608676999296	0.21805643877867673
-1.2600606812576378	0.22648157054852727
-1.2536604948153467	0.2344850946428356
-1.2472603083730545	0.24200252420398063
-1.2408601219307627	0.24899277434033076
-1.2344599354884715	0.25546038215497036
-1.2280597490461795	0.26143226707740774
-1.2216595626038875	0.26696563712898813
-1.2152593761615955	0.2721244100400447
-1.2088591897193035	0.276950753630884
-1.2024590032770124	0.28145073561062867
-1.1960588168347204	0.2856162952001369
-1.1896586303924281	0.2894597953266515
-1.1832584439501372	0.2930445808179474
-1.1768582575078452	0.2964539576462116
-1.170458071065553	0.299762589840169
-1.164057884623261	0.30299595047796973
-1.1576576981809692	0.30612764911047474
-1.151257511738678	0.3091172563722145
-1.1448573252963858	0.3119439518417742
-1.1384571388540938	0.31462931274034683
-1.1320569524118027	0.3172191462264329
-1.125656765969511	0.31974770029097876
-1.119256579527219	0.32222620046220635
-1.112856393084927	0.3246390132641638
-1.1064562066426349	0.32694997195248315
-1.1000560202003438	0.3291413170405813
-1.0936558337580518	0.33119677319522167
-1.0872556473157604	0.3330980563486778
-1.0808554608734686	0.33482376927239055
-1.0744552744311766	0.3363443979184175
-1.0680550879888846	0.3376351965509777
-1.0616549015465924	0.3386760098493811
-1.0552547151043015	0.3394593313083465
-1.0488545286620095	0.3399809464775093
-1.0424543422197172	0.3402437259583513
-1.0360541557774263	0.3402340961783011
-1.0296539693351343	0.3399286491957191
-1.023253782892842	0.3392963224528429
-1.0168535964505503	0.33831196360459626
-1.010453410008258	0.3369636942057514
-1.0040532235659672	0.3352532480569752
-0.997653037123675	0.3331754297943653
-0.991252850681383	0.3307116310796304
-0.9848526642390919	0.3278287180768018
-0.9784524777967999	0.32449952689137984
-0.9720522913545079	0.3207120524411198
-0.9656521049122159	0.31646725647966334
-0.9592519184699239	0.31178076295288176
-0.9528517320276327	0.3066741836743474
-0.9464515455853407	0.3011599362991444
-0.9400513591430487	0.29524582144138745
-0.9336511727007576	0.2889337317392339
-0.9272509862584656	0.28222594024991865
-0.9208507998161736	0.27512280162087
-0.9144506133738816	0.2676387725915439
-0.9080504269315895	0.2597952353077968
-0.9016502404892985	0.2516192378734732
-0.8952500540470064	0.24313624917568946
-0.8888498676047144	0.23437399036748685
-0.8824496811624233	0.2253561404155363
-0.8760494947201313	0.21610335583154106
-0.8696493082778393	0.2066356304349084
-0.8632491218355473	0.1969726314926904
-0.8568489353932561	0.18713882082856104
-0.8504487489509641	0.17716415264508537
-0.8440485625086721	0.16708029501958355
-0.837648376066381	0.15691696078672557
-0.831248189624089	0.1467061761465066
-0.824848003181797	0.13647975186339176
-0.818447816739505	0.1262610446913266
-0.8120476302972129	0.11606499103979648
-0.8056474438549218	0.10589110778530693
-0.7992472574126298	0.09573880064625256
-0.7928470709703378	0.08560295693550049
-0.7864468845280467	0.07547855993585449
-0.7800466980857547	0.06535591509167037
-0.7736465116434627	0.05522719424045242
-0.7672463252011706	0.045084705827082724
-0.7608461387588786	0.0349299491896887
-0.7544459523165875	0.02476245431066778
-0.7480457658742955	0.014577191769644783
-0.7416455794320035	0.004364506011722374
-0.7352453929897124	-0.005887519694278443
-0.7288452065474204	-0.016189680747162007
-0.7224450201051283	-0.026548591528945797
-0.7160448336628363	-0.03697572055302286
-0.7096446472205443	-0.04748690718630091
-0.7032444607782532	-0.0580935464375823
-0.6968442743359612	-0.06880339188209543
-0.6904440878936692	-0.07962022249120625
-0.6840439014513781	-0.09054322160326835
-0.677643715009086	-0.1015738060063206
-0.671243528566794	-0.11270493678744743
-0.664843342124502	-0.12393279480948066
-0.65844315568221	-0.13524820381970942
-0.6520429692399189	-0.1466426422805564
-0.6456427827976269	-0.15810647720667081
-0.6392425963553349	-0.16962465633903182
-0.6328424099130437	-0.18117989072052904
-0.6264422234707517	-0.19275751600676655
-0.6200420370284597	-0.20434381802117751
-0.6136418505861677	-0.21592440283392145
-0.6072416641438766	-0.2274861513653218
-0.6008414777015846	-0.239017369554182
-0.5944412912592926	-0.25050783706717217
-0.5880411048170014	-0.2619504610771197
-0.5816409183747094	-0.2733377383168991
-0.5752407319324174	-0.2846652334455795
-0.5688405454901254	-0.2959306226888827
-0.5624403590478334	-0.30713371740027023
-0.5560401726055423	-0.3182746010546912
-0.5496399861632503	-0.3293562011573772
-0.5432397997209583	-0.34038392697345177
-0.5368396132786671	-0.35136658722640995
-0.5304394268363751	-0.3623139531864671
-0.5240392403940831	-0.37323816413592115
-0.5176390539517911	-0.38415400325925725
-0.5112388675094991	-0.3950738420549021
-0.504838681067208	-0.4060099317393149
-0.49843849462491596	-0.4169756615884507
-0.4920383081826239	-0.4279826750142983
-0.48563812174033283	-0.439043008695599
-0.4792379352980408	-0.4501653779918857
-0.47283774885574875	-0.461359359253944
-0.4664375624134568	-0.47263580871723376
-0.4600373759711648	-0.4840045837780322
-0.4536371895288737	-0.4954766106722399
-0.4472370030865816	-0.5070592168311835
-0.4408368166442897	-0.5187586588855844
-0.4344366302019986	-0.5305808406753695
-0.4280364437597065	-0.5425286561603394
-0.42163625731741455	-0.5546065489714338
-0.4152360708751225	-0.566813701252282
-0.40883588443283053	-0.5791502688623553
-0.40243569799053935	-0.5916107355745839
-0.3960355115482474	-0.6041868304182281
-0.3896353251059562	-0.616863645056367
-0.3832351386636642	-0.6296259504207042
-0.37683495222137225	-0.6424584412898876
-0.37043476577908024	-0.6553430644147069
-0.3640345793367882	-0.6682602172542557
-0.35763439289449617	-0.6811887383852817
-0.35123420645220504	-0.6941072129455416
-0.3448340200099131	-0.7069948777788669
-0.3384338335676219	-0.7198323726142775
-0.33203364712532996	-0.732601370683935
-0.3256334606830379	-0.745283932238277
-0.3192332742407459	-0.7578637887790531
-0.3128330877984539	-0.7703275182933058
-0.30643290135616186	-0.7826643978113842
-0.30003271491387073	-0.7948668614110878
-0.2936325284715787	-0.8069298120747554
-0.28723234202928755	-0.8188494679663707
-0.2808321555869956	-0.8306239344738149
-0.2744319691447036	-0.8422523601372639
-0.26803178270241157	-0.8537364482349574
-0.2616315962601196	-0.8650808480695389
-0.25523140981782844	-0.8762900854017267
-0.24883122337553645	-0.8873727366312831
-0.24243103693324528	-0.8983369458831634
-0.23603085049095324	-0.909193083189632
-0.22963066404866128	-0.919952386602761
-0.2232304776063693	-0.9306263447252101
-0.21683029116407726	-0.9412290803992489
-0.21043010472178522	-0.9517738350296837
-0.20402991827949407	-0.9622722081733561
-0.19762973183720214	-0.9727348571539599
-0.191229545394911	-0.9831720419674559
-0.18482935895261896	-0.9935949877217478
-0.17842917251032703	-1.0040151272169024
-0.172028986068035	-1.0144406707208484
-0.16562879962574295	-1.0248787564523865
-0.15922861318345097	-1.0353349332636874
-0.15282842674115985	-1.0458141037149904
-0.1464282402988678	-1.0563210614470164
-0.14002805385657666	-1.0668593737350798
-0.13362786741428465	-1.0774316180399686
-0.12722768097199263	-1.088040745270436
-0.12082749452970068	-1.0986879117012458
-0.11442730808740863	-1.1093752682837033
-0.10802712164511663	-1.120104814309364
-0.10162693520282552	-1.1308771561523785
-0.09522674876053351	-1.1416918137117018
-0.08882656231824236	-1.152547985386256
-0.0824263758759504	-1.1634453183298563
-0.07602618943365837	-1.1743836902722977
-0.06962600299136637	-1.1853621158142458
-0.0632258165490743	-1.1963795031517201
-0.05682563010678231	-1.2074349115252694
-0.05042544366449121	-1.2185256820248211
-0.04402525722220006	-1.2296500803234758
-0.0376250707799081	-1.2408060790940636
-0.031224884337616044	-1.2519905568387
-0.024824697895324002	-1.2632015935596717
-0.01842451145303208	-1.2744361775339872
-0.01202432501074005	-1.2856916870646835
-0.005624138568448895	-1.2969652074153302
0.0007760478738431456	-1.3082529084618308
0.00717623431613421	-1.3195515575683072
0.013576420758426246	-1.3308581174224434
0.019976607200718227	-1.3421693682785116
0.026376793643010266	-1.3534822567635258
0.0327769800853023	-1.3647940825579492
0.03917716652759428	-1.3761011638713545
0.04557735296988542	-1.3874001935727438
0.05197753941217745	-1.3986878376729865
0.05837772585446856	-1.4099621163602343
0.06477791229676053	-1.4212223229305299
0.07117809873905251	-1.4324668956808204
0.07757828518134456	-1.443694047271647
0.08397847162363661	-1.4549025667270827
0.09037865806592864	-1.466093086181664
0.09677884450821972	-1.4772660245868325
0.10317903095051176	-1.4884217740942438
0.10957921739280287	-1.4995607068216827
0.11597940383509485	-1.5106826599649636
0.12237959027738689	-1.5217884003371394
0.12877977671967886	-1.5328790580538516
0.13517996316197087	-1.5439557425659463
0.1415801496042629	-1.5550203444047301
0.147980336046554	-1.566073879689276
0.154380522488846	-1.5771175470824792
0.16078070893113716	-1.5881523734379395
0.16718089537342917	-1.5991799536941913
0.17358108181572116	-1.6102012630862783
0.17998126825801317	-1.6212172441373542
0.18638145470030518	-1.6322286405109863
0.19278164114259633	-1.6432366338683504
0.19918182758488837	-1.654242145170225
0.20558201402717943	-1.6652458512963322
0.21198220046947147	-1.676248387913089
0.21838238691176348	-1.6872497316745505
0.2247825733540555	-1.698249603737717
0.23118275979634753	-1.7092485107425233
0.23758294623863954	-1.7202461827926692
0.2439831326809306	-1.7312417687314394
0.2503833191232226	-1.7422346170667131
0.25678350556551377	-1.7532240145561113
0.2631836920078058	-1.7642095998785448
0.2695838784500978	-1.775190577444597
0.2759840648923898	-1.7861663293412602
0.2823842513346818	-1.7971364526529086
0.2887844377769738	-1.8081001525921705
0.2951846242192649	-1.8190564288292812
0.30158481066155696	-1.8300048306390777
0.3079849971038481	-1.8409446537531076
0.31438518354614003	-1.8518759719476638
0.32078536998843216	-1.862798367945463
0.32718555643072417	-1.8737106633097453
0.33358574287301607	-1.8846127289784902
0.3399859293153081	-1.895504411728743
0.3463861157575992	-1.9063853468702174
0.3527863021998912	-1.91725522066965
0.35918648864218244	-1.9281141081432716
0.36558667508447446	-1.9389620361289581
0.3719868615267664	-1.9497991714536305
0.37838704796905837	-1.9606257288022815
0.3847872344113505	-1.9714421334440335
0.39118742085364244	-1.9822484633497641
0.3975876072959335	-1.9930448624334853
0.4039877937382255	-2.003831433048699
0.41038798018051664	-2.0146084659448293
0.41678816662280865	-2.025376045744343
0.42318835306510066	-2.0361345051203985
0.42958853950739273	-2.046884104313586
0.4359887259496847	-2.0576254196499635
0.44238891239197586	-2.0683588010052283
0.4487890988342679	-2.079084498127672
0.455189285276559	-2.0898030444299787
0.461589471718851	-2.100514793792369
0.467989658161143	-2.1112201814919977
0.47438984460343503	-2.1219198765395233
0.48079003104572704	-2.1326145156579313
0.48719021748801905	-2.143304696894409
0.4935904039303101	-2.153991050525981
0.4999905903726022	-2.1646742912437746
0.5063907768148933	-2.1753553799854575
0.5127909632571853	-2.1860349320089063
0.5191911496994773	-2.1967135374899627
0.5255913361417693	-2.207391810927219
0.5319915225840613	-2.218070138870028
0.5383917090263534	-2.2287488361519205
0.5447918954686454	-2.2394283743711183
0.5511920819109374	-2.2501091429621822
0.5575922683532276	-2.260791500980419
0.5639924547955196	-2.271475672523566
0.5703926412378116	-2.2821621619949335
0.5767928276801036	-2.2928511269311467
0.5831930141223957	-2.3035428119159285
0.5895932005646877	-2.3142377167779613
0.5959933870069779	-2.324935997883839
0.6023935734492699	-2.335637718818922
0.6087937598915619	-2.346342921324923
0.6151939463338539	-2.3570554247259476
0.621594132776146	-2.367774350153554
0.627994319218438	-2.37850068841337
0.63439450566073	-2.3892350790334094
0.640794692103022	-2.399977713089008
0.647194878545314	-2.4107288961430853
0.6535950649876042	-2.421489354106544
0.6599952514298962	-2.432260321135268
0.6663954378721882	-2.4430426882854466
0.6727956243144803	-2.453837007914475
0.6791958107567723	-2.464643783408316
0.6855959971990643	-2.4754634548838155
0.6919961836413545	-2.486296267432349
0.6983963700836465	-2.4971425957613165
0.7047965565259385	-2.5080030184195246
0.7111967429682305	-2.518878106034987
0.7175969294105226	-2.529768106762725
0.7239971158528146	-2.5406730207062593
0.7303973022951066	-2.5515926321674893
0.7367974887373986	-2.562526050825036
0.7431976751796906	-2.573472068114287
0.7495978616219826	-2.5844293456162752
0.7559980480642728	-2.595396966516797
0.7623982345065649	-2.6063743250819353
0.7687984209488569	-2.617360083433537
0.7751986073911489	-2.6283529521024334
0.7815987938334409	-2.6393516012838716
0.7879989802757329	-2.650354640363903
0.7943991667180231	-2.6613606772519094
0.8007993531603151	-2.6723683093502526
0.8071995396026072	-2.683376168190889
0.8135997260448992	-2.694383047554455
0.8199999124871912	-2.70538784067891
0.8264000989294832	-2.716389633881091
0.8328002853717752	-2.7273875933934377
0.8392004718140672	-2.7383809638252203
0.8456006582563592	-2.7493691332189294
0.8520008446986512	-2.760351417928441
0.8584010311409415	-2.771327452819389
0.8648012175832335	-2.7822970958011637
0.8712014040255255	-2.7932603170616987
0.8776015904678175	-2.8042140944451264
0.8840017769101095	-2.815160499902152
0.8904019633523997	-2.826099704350627
0.8968021497946917	-2.8370323391296948
0.9032023362369838	-2.847959376352043
0.9096025226792758	-2.8588816776992396
0.9160027091215678	-2.8697996701756283
0.9224028955638597	-2.8807134114105226
0.9288030820061518	-2.89162330859262
0.9352032684484438	-2.9025300873162694
0.9416034548907358	-2.9134343997514947
0.9480036413330277	-2.92433673044752
0.9544038277753181	-2.935237570884305
0.9608040142176101	-2.9461370977268584
0.9672042006599021	-2.9570352769511303
0.9736043871021941	-2.9679320323364577
0.9800045735444861	-2.9788274333364386
0.9864047599867782	-2.9897218038227185
0.9928049464290684	-3.0006154576409174
0.9992051328713604	-3.0115090123528385
1.0056053193136523	-3.022403052074095
1.0120055057559443	-3.033297915702576
1.0184056921982365	-3.04419324328227
1.0248058786405283	-3.0550883986232704
1.0312060650828203	-3.065983553729367
1.0376062515251123	-3.0768787086927123
1.0440064379674043	-3.087773863554448
1.0504066244096963	-3.098669018528329
1.0568068108519866	-3.10956417369938
1.0632069972942788	-3.1204593290249956
1.0696071837365708	-3.131354484334251
1.0760073701788626	-3.142249639325424
1.0824075566211546	-3.153144794147872
1.0888077430634466	-3.164039948900336
1.095207929505737	-3.1749351037750966
1.1016081159480289	-3.1858302588363943
1.1080083023903209	-3.1967254140211425
1.114408488832613	-3.2076205691378368
1.1208086752749051	-3.218515724085482
1.127208861717197	-3.2294108787125224
1.133609048159489	-3.240306033320847
1.1400092346017812	-3.251201188082245
1.146409421044073	-3.2620963430404997
1.1528096074863632	-3.272991498111712
1.1592097939286554	-3.283886653082818
1.1656099803709474	-3.294781807910424
1.1720101668132392	-3.3056769625001734
1.1784103532555312	-3.3165721171313716
1.1848105396978235	-3.327467271953153
1.1912107261401135	-3.3383624269862215
1.1976109125824057	-3.34925758212283
1.2040110990246977	-3.3601527371249875
1.2104112854669895	-3.3710478920033164
1.2168114719092815	-3.38194304671696
1.2232116583515737	-3.3928382015189387
1.2296118447938655	-3.4037333565321863
1.2360120312361575	-3.414628511751082
1.2424122176784496	-3.4255236670412224
1.2488124041207416	-3.4364188221374277
1.255212590563032	-3.4473139771027537
1.2616127770053238	-3.458209131948969
1.268012963447616	-3.4691042869026654
1.2744131498899078	-3.4799994420611844
1.2808133363321998	-3.4908945973939094
1.287213522774492	-3.5017897527417605
1.2936137092167823	-3.512684907814919
1.300013895659074	-3.523580062731887
1.3064140821013661	-3.5344752175604057
1.3128142685436581	-3.54537037250415
1.3192144549859504	-3.5562655276384376
1.3256146414282424	-3.567160682911158
1.3320148278705342	-3.5780558381418746
1.3384150143128262	-3.5889509930983494
1.3448152007551182	-3.5998461478159074
1.3512153871974104	-3.6107413024852324
1.3576155736397006	-3.6216364572890125
1.3640157600819924	-3.6325316122819657
1.3704159465242844	-3.6434267673913876
1.3768161329665765	-3.6543219224158845
1.3832163194088685	-3.6652170772814507
1.389616505851159	-3.6761122318634225
1.396016692293451	-3.6870073864535904
1.4024168787357427	-3.6979025412136943
1.408817065178035	-3.708797696177347
1.415217251620327	-3.7196928512501812
1.421617438062619	-3.7305880062082024
1.428017624504911	-3.741483161033794
1.4344178109472028	-3.752378315658126
1.440817997389495	-3.763273470348908
1.4472181838317868	-3.7741686252436533
1.4536183702740773	-3.785063780351292
1.460018556716369	-3.795958935552036
1.466418743158661	-3.806854090595473
1.472818929600953	-3.817749245516668
1.479219116043245	-3.8286444002991518
1.485619302485537	-3.839539555183444
1.4920194889278275	-3.850434710280236
1.4984196753701196	-3.861329865571828
1.5048198618124113	-3.872225020911791
1.5112200482547034	-3.883120176022875
1.5176202346969954	-3.8940153309932413
1.5240204211392874	-3.904910485860005
1.5304206075815796	-3.9158056408384496
1.5368207940238714	-3.9267007960150653
1.5432209804661636	-3.9375959513486896
1.5496211669084554	-3.948491106669835
1.5560213533507459	-3.9593862616782474
1.5624215397930379	-3.970281416519154
1.5688217262353297	-3.981176571287161
1.5752219126776217	-3.992071726176019
1.581622099119914	-4.002966881251409
1.588022285562204	-4.013862036451694
1.5944224720044962	-4.024757191586839
1.600822658446788	-4.035652346551726
1.6072228448890802	-4.04654750119067
1.613623031331372	-4.057442655807016
1.620023217773664	-4.068337810573988
1.626423404215956	-4.0792329655368045
1.6328235906582482	-4.090128120613041
1.6392237771005402	-4.101023275591169
1.645623963542832	-4.111918430423767
1.652024149985124	-4.122813585012493
1.6584243364274145	-4.133708739638296
1.6648245228697063	-4.144603894451967
1.6712247093119983	-4.155499049475907
1.6776248957542905	-4.166394204604129
1.6840250821965805	-4.177289359600482
1.6904252686388725	-4.1881845144718755
1.6968254550811646	-4.199079669173774
1.7032256415234568	-4.20997482396113
1.7096258279657488	-4.2208699789587945
1.7160260144080408	-4.2317651341630595
1.7224262008503326	-4.242660289441442
1.7288263872926246	-4.25355544453071
1.7352265737349166	-4.264450599490232
1.7416267601772086	-4.275345754328066
1.7480269466195006	-4.286240909272636
1.7544271330617929	-4.297136064423038
1.7608273195040829	-4.3080312197503545
1.767227505946375	-4.318926375097166
1.773627692388667	-4.3298215301753125
1.780027878830959	-4.340716685099303
1.7864280652732494	-4.351611839932851
1.7928282517155412	-4.362506994881158
1.7992284381578332	-4.373402150021013
1.8056286246001252	-4.384297305301743
1.8120288110424172	-4.395192460544351
1.8184289974847092	-4.4060876154875634
1.8248291839270014	-4.416982770217024
1.8312293703692932	-4.42787792489437
1.8376295568115852	-4.438773079703723
1.8440297432538775	-4.449668234701238
1.8504299296961693	-4.460563389815683
1.8568301161384597	-4.471458544847201
1.8632303025807515	-4.482353699717759
1.8696304890230435	-4.493248854298709
1.8760306754653355	-4.504144008883481
1.882430861907626	-4.515039163635475
1.8888310483499178	-4.525934318590001
1.8952312347922098	-4.53682947365445
1.901631421234502	-4.547724628606667
1.9080316076767938	-4.558619783425325
1.9144317941190858	-4.569514938037914
1.9208319805613778	-4.580410092714075
1.9272321670036698	-4.5913052475932385
1.933632353445962	-4.6022004026862495
1.9400325398882539	-4.613095557875239
1.946432726330546	-4.623990712911738
1.952832912772838	-4.63488586782713
1.9592330992151283	-4.645781022601234
1.9656332856574201	-4.6566761774764
1.9720334720997124	-4.667571332565076
1.9784336585420044	-4.67846648785126
1.9848338449842944	-4.689361643190186
1.9912340314265866	-4.700256798306256
1.9976342178688784	-4.711151953283643
2.0040344043111706	-4.7220471081554365
2.0104345907534626	-4.732942263138443
2.0168347771957547	-4.743837418320624
2.0232349636380467	-4.754732573662257
2.0296351500803387	-4.765627728995292
2.0360353365226307	-4.776522884020945
2.0424355229649227	-4.787418038880308
2.0488357094072147	-4.798313193663859
2.055235895849505	-4.809208348566813
2.061636082291797	-4.820103503656296
2.068036268734089	-4.830998658872116
2.074436455176381	-4.841893814025712
2.080836641618671	-4.85278896900784
2.0872368280609632	-4.863684123658687
2.0936370145032552	-4.874579278283054
2.1000372009455472	-4.8854744330556
2.1064373873878393	-4.89636958802298
2.1128375738301313	-4.907264743104242
2.1192377602724233	-4.91815989808939
2.1256379467147153	-4.929055052926978
2.1320381331570073	-4.939950207514684
2.1384383195992993	-4.950845362135091
2.1448385060415913	-4.96174051694065
2.1512386924838833	-4.972635671955462
2.1576388789261736	-4.983530827075297
2.1640390653684656	-4.994425982065846
2.1704392518107576	-5.005321136930306
2.1768394382530496	-5.016216291620459
2.18323962469534	-5.027111446393193
2.189639811137632	-5.038006601375274
2.196039997579924	-5.048901756564908
2.202440184022216	-5.059796911831536
2.208840370464508	-5.070692066913863
2.2152405569068	-5.081587221867583
2.221640743349092	-5.092482376697037
2.228040929791384	-5.1033775316324785
2.234441116233676	-5.114272686774764
2.240841302675968	-5.12516784209667
2.24724148911826	-5.136062997442446
2.253641675560552	-5.146958152525579
2.260041862002842	-5.157853307456592
2.266442048445134	-5.16874846229517
2.272842234887426	-5.17964361724804
2.279242421329718	-5.1905387723934595
2.2856426077720084	-5.201433927682199
2.2920427942143005	-5.212329082936699
2.2984429806565925	-5.223224237866653
2.3048431670988845	-5.2341193926080125
2.3112433535411765	-5.24501454729338
2.3176435399834685	-5.255909702108304
2.3240437264257605	-5.266804857110382
2.3304439128680525	-5.277700012229852
2.3368440993103445	-5.288595167268388
2.3432442857526365	-5.299490322143937
2.3496444721949286	-5.310385476723864
2.356044658637219	-5.321280631303242
2.362444845079511	-5.332175786047127
2.368845031521803	-5.343070940992526
2.375245217964095	-5.353966096048589
2.381645404406385	-5.364861250995005
2.388045590848677	-5.375756405806728
2.394445777290969	-5.386651560407572
2.400845963733261	-5.397546715069114
2.407246150175553	-5.408441869932697
2.413646336617845	-5.419337025011079
2.420046523060137	-5.430232180188315
2.426446709502429	-5.441127335217875
2.432846895944721	-5.452022490127465
2.439247082387013	-5.462917644893189
2.445647268829305	-5.47381279975923
2.452047455271597	-5.48470795483979
2.4584476417138874	-5.495603110120566
2.4648478281561794	-5.506498265458455
2.4712480145984714	-5.517393420579511
2.4776482010407634	-5.52828857556392
2.4840483874830537	-5.539183730440741
2.4904485739253457	-5.550078885428311
2.4968487603676377	-5.560974040616057
2.5032489468099297	-5.571869195965697
2.5096491332522217	-5.582764351310623
2.5160493196945137	-5.593659506353514
2.5224495061368057	-5.604554661231334
2.5288496925790978	-5.615449816030429
2.5352498790213898	-5.626344970947479
2.5416500654636818	-5.637240126051054
2.548050251905974	-5.648135281282411
2.554450438348264	-5.659030436454456
2.560850624790556	-5.669925591453824
2.567250811232848	-5.680820746116574
2.57365099767514	-5.691715900748965
2.5800511841174303	-5.702611055527083
2.5864513705597223	-5.713506210499025
2.5928515570020143	-5.724401365585312
2.5992517434443063	-5.735296520577481
2.6056519298865983	-5.746191675420063
2.6120521163288903	-5.757086830006743
2.6184523027711823	-5.767981984621755
2.6248524892134744	-5.778877139419203
2.6312526756557664	-5.789772294424887
2.6376528620980584	-5.800667449536337
2.6440530485403504	-5.811562604521082
2.6504532349826424	-5.822457759378605
2.6568534214249326	-5.8333529140570155
2.6632536078672246	-5.844248068815127
2.6696537943095167	-5.855143223781624
2.6760539807518087	-5.866038378956629
2.682454167194099	-5.876933534211501
2.688854353636391	-5.887828689286889
2.695254540078683	-5.898723844234805
2.701654726520975	-5.909618999055878
2.708054912963267	-5.920514153982195
2.714455099405559	-5.931409309116361
2.720855285847851	-5.942304464432858
2.727255472290143	-5.953199619777598
2.733655658732435	-5.964094774865718
2.740055845174727	-5.974989929803753
2.746456031617019	-5.985885084647359
2.752856218059311	-5.996780239604793
2.7592564045016013	-6.00767539475578
2.7656565909438933	-6.0185705500525275
2.7720567773861853	-6.029465705318918
2.7784569638284755	-6.040360860247939
2.7848571502707675	-6.051256015003852
2.7912573367130595	-6.062151169700281
2.7976575231553515	-6.073046324524224
2.8040577095976436	-6.083941479534717
2.8104578960399356	-6.0948366346634595
2.8168580824822276	-6.105731789713638
2.8232582689245196	-6.116626944599129
2.8296584553668116	-6.127522099183259
2.8360586418091036	-6.138417253762665
2.8424588282513956	-6.149312408503971
2.8488590146936876	-6.160207563445777
2.855259201135978	-6.171102718498876
2.86165938757827	-6.18199787344467
2.868059574020562	-6.1928930282542805
2.874459760462854	-6.203788182847717
2.880859946905144	-6.214683337498366
2.887260133347436	-6.225578492349387
2.893660319789728	-6.236473647415362
2.90006050623202	-6.247368802582205
2.906460692674312	-6.258263957605285
2.912860879116604	-6.269159112508614
2.919261065558896	-6.280054267264599
2.925661252001188	-6.290949422119292
2.93206143844348	-6.301844577188717
2.9384616248857722	-6.312739732460356
2.9448618113280642	-6.323634887792876
2.9512619977703562	-6.334530042914098
2.9576621842126465	-6.345425197900344
2.9640623706549385	-6.356320352776773
2.9704625570972305	-6.367215507763372
2.9768627435395225	-6.378110662951153
2.9832629299818127	-6.389005818303377
2.9896631164241048	-6.399900973654967
2.9960633028663968	-6.410796128710148
3.002463489308689	-6.421691283601801
3.008863675750981	-6.43258643841219
3.015263862193273	-6.443481593339484
3.021664048635565	-6.454376748453705
3.028064235077857	-6.465271903697554
3.034464421520149	-6.4761670588854
3.040864607962441	-6.487062213889679
3.047264794404733	-6.497957368564332
3.053664980847023	-6.508852523204744
3.060065167289315	-6.519747677988434
3.066465353731607	-6.53064283296494
3.072865540173899	-6.541537988056251
3.0792657266161894	-6.552433143055442
3.0856659130584814	-6.5633282979030145
3.0920660995007734	-6.574223452488672
3.0984662859430654	-6.585118607098289
3.1048664723853574	-6.596013761887628
3.1112666588276494	-6.6069089168841835
3.1176668452699414	-6.617804071987246
3.1240670317122334	-6.628699226966188
3.1304672181545254	-6.639594381816778
3.1368674045968175	-6.650489536483443
3.1432675910391095	-6.661384691226932
3.1496677774814015	-6.6722798461778465
3.1560679639236917	-6.6831750013382205
3.1624681503659837	-6.694070156581339
3.1688683368082757	-6.704965311649787
3.1752685232505677	-6.7158604665919
3.181668709692858	-6.7267556214045925
3.18806889613515	-6.737650776321782
3.194469082577442	-6.748545931447833
3.200869269019734	-6.7594410867589225
3.207269455462026	-6.770336242102624
3.213669641904318	-6.781231397195731
3.22006982834661	-6.792126552140786
3.226470014788902	-6.803021706989423
3.232870201231194	-6.8139168619514185
3.239270387673486	-6.824812017107972
3.245670574115778	-6.835707172412728
3.2520707605580683	-6.846602327691011
3.2584709470003603	-6.857497482637274
3.2648711334426523	-6.868392637411644
3.2712713198849444	-6.879287792123617
3.2776715063272346	-6.890182946961659
3.2840716927695266	-6.901078101986245
3.2904718792118186	-6.911973257130525
3.2968720656541106	-6.922868412199155
3.3032722520964026	-6.933763567101889
3.3096724385386946	-6.944658721697923
3.3160726249809866	-6.955553876285351
3.3224728114232787	-6.966449031032232
3.3288729978655707	-6.9773441859786
3.3352731843078627	-6.988239341036724
3.3416733707501547	-6.999134495989542
3.3480735571924467	-7.010029650804143
3.354473743634737	-7.0209248053965565
3.360873930077029	-7.03181996004181
3.367274116519321	-7.042715114884719
3.373674302961613	-7.053610269941567
3.380074489403903	-7.0645054251000206
3.386474675846195	-7.075400580117297
3.3928748622884872	-7.086295735013691
3.3992750487307792	-7.097190889757929
3.4056752351730712	-7.108086044597999
3.4120754216153633	-7.118981199651838
3.4184756080576553	-7.129876354908847
3.4248757944999473	-7.140771510229609
3.4312759809422393	-7.151666665343892
3.4376761673845313	-7.162561820324333
3.4440763538268233	-7.173456975192382
3.4504765402691153	-7.184352130169852
3.4568767267114056	-7.195247285349516
3.4632769131536976	-7.206142440696331
3.4696770995959896	-7.217037596046883
3.47607728603828	-7.22793275110705
3.482477472480572	-7.238827906005727
3.488877658922864	-7.249723060821146
3.495277845365156	-7.260618215753001
3.501678031807448	-7.271513370872791
3.50807821824974	-7.282408526124649
3.514478404692032	-7.293303681324389
3.520878591134324	-7.304198836315407
3.527278777576616	-7.315093991001962
3.533678964018908	-7.325989145650393
3.5400791504612	-7.3368843004396584
3.546479336903492	-7.347779455420728
3.552879523345782	-7.3586746105170615
3.559279709788074	-7.3695697655232735
3.565679896230366	-7.380464920375837
3.572080082672658	-7.391360074960473
3.5784802691149484	-7.402255229564694
3.5848804555572404	-7.413150384345922
3.5912806419995325	-7.424045539333349
3.5976808284418245	-7.434940694428028
3.6040810148841165	-7.445835849401165
3.6104812013264085	-7.456731004244819
3.6168813877687005	-7.467626158899741
3.6232815742109925	-7.478521313628609
3.6296817606532845	-7.489416468563941
3.6360819470955765	-7.500311623709686
3.6424821335378685	-7.511206778941047
3.6488823199801605	-7.522101934002558
3.655282506422451	-7.532997088938868
3.661682692864743	-7.543892243743181
3.668082879307035	-7.554787398651243
3.674483065749327	-7.565682553769176
3.680883252191617	-7.576577709074857
3.687283438633909	-7.587472864417523
3.693683625076201	-7.598368019515616
3.700083811518493	-7.609263174467693
3.706483997960785	-7.6201583293213595
3.712884184403077	-7.631053484287917
3.719284370845369	-7.641948639450035
3.725684557287661	-7.652843794762801
3.732084743729953	-7.6637389500529745
3.738484930172245	-7.674634105016479
3.744885116614537	-7.685529259809307
3.7512853030568274	-7.696424414536825
3.7576854894991194	-7.7073195693889645
3.7640856759414114	-7.718214724427645
3.7704858623837034	-7.729109879587461
3.7768860488259937	-7.740005034674544
3.7832862352682857	-7.750900189594518
3.7896864217105777	-7.761795344202457
3.7960866081528697	-7.772690498797909
3.8024867945951617	-7.783585653550362
3.8088869810374537	-7.794480808501293
3.8152871674797457	-7.805375963564442
3.8216873539220377	-7.816271118524281
3.8280875403643297	-7.827166273343876
3.8344877268066218	-7.838061427935266
3.8408879132489138	-7.848956582575123
3.8472880996912058	-7.859851737409921
3.853688286133496	-7.87074689245764
3.860088472575788	-7.881642047607707
3.86648865901808	-7.892537202619179
3.872888845460372	-7.9034323575086365
3.8792890319026623	-7.914266338474385
3.8856892183449543	-7.925025994575433
3.8920894047872463	-7.935696234282876
3.8984895912295383	-7.946259959919235
3.9048897776718303	-7.956698054849823
3.9112899641141223	-7.9669894341830805
3.9176901505564143	-7.977111167111674
3.9240903369987064	-7.9870386821290875
3.9304905234409984	-7.996746054342906
3.9368907098832904	-8.006206375294123
3.9432908963255824	-8.01539220286609
3.9496910827678726	-8.024276081031006
3.9560912692101646	-8.032831115324884
3.9624914556524566	-8.041031583954549
3.9688916420947487	-8.048853568311737
3.975291828537039	-8.056275569490968
3.981692014979331	-8.063279088974651
3.988092201421623	-8.069849147472492
3.994492387863915	-8.07597471721349
4.0008925743062065	-8.081649046917178