0.775022170140824	1.91479
0.7757495489959536	1.943201
0.7764782944623658	1.971657
0.7772084103950997	2.000514
0.7779399006637069	2.030215
0.7786727691523209	2.060647
0.7794070197597253	2.091705
0.7801426563994229	2.12333
0.7808796829997059	2.155404
0.7816181035037243	2.187761
0.7823579218695587	2.220277
0.7830991420702877	2.252848
0.7838417680940624	2.285337
0.7845858039441752	2.317634
0.785331253639134	2.34973
0.7860781212127328	2.381405
0.7868264107141253	2.412528
0.7875761262078975	2.442971
0.7883272717741427	2.472611
0.7890798515085333	2.501315
0.7898338695223973	2.528847
0.7905893299427916	2.555255
0.7913462369125788	2.580618
0.7921045945905019	2.605155
0.7928644071512602	2.629067
0.7936256787855867	2.652562
0.7943884137003254	2.675861
0.7951526161185074	2.699264
0.7959182902794305	2.722965
0.7966854404387362	2.747133
0.7974540708684889	2.77197
0.7982241858572561	2.797696
0.7989957897101873	2.824548
0.799768886749094	2.852754
0.8005434813125313	2.88267
0.8013195777558785	2.914428
0.8020971804514203	2.948284
0.8028762937884298	2.985297
0.8036569221732509	3.025522
0.8044390700293805	3.068686
0.8052227417975534	3.114496
0.8060079419358251	3.162792
0.8067946749196572	3.213132
0.8075829452420016	3.265225
0.8083727574133874	3.318738
0.8091641159620055	3.373392
0.8099570254337958	3.428871
0.810751490392534	3.484948
0.8115475154199201	3.541329
0.8123451051156645	3.597591
0.8131442640975787	3.653419
0.8139449970016629	3.708481
0.8147473084821968	3.762466
0.8155512032118288	3.816161
0.8163566858816678	3.871127
0.8171637612013729	3.927053
0.8179724338992466	3.983758
0.8187827087223265	4.041022
0.8195945904364786	4.098715
0.82040808382649	4.15663
0.8212231936961636	4.214625
0.8220399248684125	4.272711
0.8228582821853546	4.330494
0.8236782705084091	4.387778
0.8244998947183926	4.444393
0.8253231597156152	4.500144
0.8261480704199786	4.554849
0.8269746317710742	4.608324
0.827802848728281	4.660418
0.8286327262708657	4.711491
0.8294642693980819	4.762802
0.8302974831292703	4.81424
0.8311323725039604	4.865608
0.8319689425819714	4.916746
0.8328071984435151	4.967721
0.8336471451892976	5.018176
0.8344887879406245	5.067855
0.8353321318395033	5.116596
0.8361771820487491	5.164229
0.8370239437520898	5.210556
0.8378724221542713	5.255438
0.8387226224811657	5.298885
0.8395745499798768	5.340499
0.8404282099188497	5.380031
0.8412836075879782	5.41735
0.8421407482987149	5.452445
0.8429996373841802	5.485747
0.8438602801992737	5.517665
0.8447226821207855	5.548429
0.8455868485475075	5.578104
0.8464527849003467	5.606952
0.8473204966224385	5.635216
0.8481899891792599	5.663132
0.8490612680587455	5.690933
0.8499343387714021	5.719195
0.8508092068504258	5.747893
0.8516858778518172	5.777244
0.8525643573545009	5.807504
0.8534446509604424	5.838949
0.8543267642947686	5.871815
0.8552107030058859	5.906111
0.856096472765602	5.935667
0.8569840792692469	5.959889
0.8578735282357952	5.981951
0.8587648254079882	6.00509
0.8596579765524583	6.032473
0.860552987459853	6.067407
0.8614498639449596	6.113323
0.8623486118468321	6.173528
0.8632492370289175	6.251196
0.864151745379183	7.277964
0.8650561428102447	7.289065
0.8659624352594958	7.297647
0.8668706286892383	7.305548
0.8677807290868123	7.315041
0.8686927424647279	7.327727
0.869606674860798	7.34959
0.8705225323382714	7.387545
0.8714403209859659	7.439966
0.8723600469184049	7.505051
0.8732817162759521	7.581078
0.8742053352249484	7.66654
0.8751309099578493	7.759191
0.8760584466933639	7.857223
0.8769879516765927	7.958755
0.87791943117917	8.061895
0.8788528914994033	8.164755
0.8797883389624146	8.265645
0.8807257799202861	8.362648
0.8816652207522012	8.453568
0.8826066678645901	8.536442
0.8835501276912759	8.613342
0.8844956066936208	8.693998
0.8854431113606736	8.77796
0.8863926482093175	8.864489
0.8873442237844216	8.951981
0.8882978446589883	9.039178
0.8892535174343074	9.124856
0.8902112487401062	9.207766
0.8911710452347047	9.286675
0.8921329136051684	9.360439
0.8930968605674648	9.42814
0.8940628928666183	9.488072
0.8950310172768692	9.538926
0.8960012406018306	9.579421
0.8969735696746486	9.608241
0.8979480113581624	9.478068
0.8989245725450664	8.990492
0.8999032601580714	8.314013
0.9008840811500695	7.627921
0.9018670425042973	7.113276
0.9028521512345042	8.638376
0.903839414385116	10.53819
0.9048288390314053	11.95536
0.9058204322796588	12.97388
0.906814201267349	13.67768
0.9078101531633046	14.15145
0.908808295167882	14.48083
0.909808634513141	14.75223
0.9108111784630177	15.05272
0.9118159343135009	15.46806
0.9128229093928092	15.92789
0.9138321110615686	16.36043
0.9148435467129925	16.76784
0.9158572237730623	17.15237
0.9168731497007083	17.51624
0.9178913319879941	17.86166
0.9189117781602987	18.19151
0.9199344957765039	18.50807
0.9209594924291796	18.81318
0.9219867757447726	19.10908
0.9230163533837951	19.39812
0.9240482330410159	19.68271
0.9250824224456504	19.96527
0.926118929361556	20.24925
0.927157761587424	20.5309
0.9281989269569777	20.79781
0.9292424333391665	21.05163
0.9302882886383664	21.29488
0.9313365007945787	21.53008
0.9323870777836307	21.76009
0.9334400276173785	21.98833
0.9344953583439102	22.21638
0.9355530780477518	22.44677
0.936613194850072	22.68227
0.9376757169088924	22.92545
0.9387406524192944	23.17908
0.9398080096136312	23.44652
0.94087779676174	23.73061
0.9419500221711551	24.03481
0.9430246941873229	24.36708
0.9441018211938189	24.72478
0.9451814116125655	25.10343
0.9462634739040511	25.49889
0.9473480165675514	25.90791
0.9484350481413525	26.32506
0.9495245772029737	26.74561
0.9506166123693947	27.16515
0.951711162297281	27.57897
0.9528082356832145	27.98255
0.9539078412639221	28.37166
0.955009987816509	28.74269
0.9561146841586913	29.08958
0.9572219391490315	29.40998
0.9583317616871753	29.71386
0.9594441607140903	30.00496
0.9605591452123053	30.28534
0.9616767242061531	30.5581
0.9627969067620136	30.82545
0.9639197019885581	31.08855
0.9650451190369976	31.34958
0.9661731671013309	31.6107
0.9673038554185941	31.87418
0.9684371932691138	32.14223
0.9695731899767609	32.41888
0.9707118549092056	32.70484
0.971853197478176	33.00221
0.9729972271397158	33.31492
0.9741439533944475	33.64553
0.9752933857878332	33.9908
0.9764455339104413	34.34748
0.9776004073982123	34.71359
0.9787580159327278	35.08363
0.9799183692414803	35.454
0.9810814770981469	35.82108
0.9822473493228623	36.18136
0.9834159957824969	36.53086
0.9845874263909334	36.86718
0.9857616511093483	37.18652
0.986938679946494	37.48398
0.9881185229589823	37.75687
0.9893011902515723	38.02726
0.9904866919774579	38.30234
0.9916750383385586	38.5787
0.9928662395858122	38.85499
0.9940603060194693	39.126
0.9952572479893902	39.38795
0.996457075895345	39.63723
0.9976598001873127	39.87035
0.9988654313657869	40.08355
1.0000739799820795	40.27384
1.0012854566386293	40.43919
1.0024998719893132	40.5738
1.0037172367397553	40.67397
1.004937561647646	40.75248
1.0061608575230538	40.82927
1.0073871352287491	40.9044
1.008616405680523	40.9793
1.0098486798475121	41.0537
1.0110839687525244	41.12648
1.0123222834723682	41.19758
1.0135636351381834	41.26712
1.0148080349357749	41.33499
1.0160554941059479	41.40134
1.0173060239448475	41.46826
1.0185596358042992	41.5339
1.0198163410921515	41.59802
1.0210761512726232	41.65304
1.0223390778666526	41.68208
1.023605132452246	41.67981
1.024874326664834	41.64123
1.0261466721976271	41.56297
1.0274221808019748	41.4376
1.028700864287727	41.25955
1.0299827345235995	41.02369
1.0312678034375404	40.72454
1.0325560830171001	40.35662
1.0338475853098044	39.91578
1.0351423224235299	39.39645
1.0364403065268821	38.79192
1.0377415498495777	32.45531
1.0390460646828266	20.63693
1.0403538633797211	31.02049
1.0416649583556252	48.17376
1.0429793620885661	61.49765
1.044297087119632	71.5428
1.0456181460533698	78.86349
1.046942551558187	84.02032
1.048270316366758	87.57783
1.0496014532764302	90.10427
1.0509359751496359	92.174
1.0522738949143078	94.3679
1.0536152255642939	97.22492
1.0549599801597813	100.2261
1.056308171827717	103.0232
1.0576598137622377	105.6259
1.0590149192250977	108.044
1.0603735015461049	110.2911
1.0617355741235563	112.3773
1.06310115042468	114.3092
1.0644702439860767	116.0974
1.0658428684141696	117.7518
1.0672190373856534	119.283
1.0685987646479491	120.7016
1.0699820640196613	122.0241
1.0713689493910417	123.2429
1.0727594347244498	124.3385
1.074153534054826	125.331
1.075551261490161	126.2424
1.0769526312119722	127.0943
1.078357657475784	127.9102
1.0797663546116116	128.7176
1.0811787370244454	129.5323
1.0825948191947459	130.3771
1.0840146156789356	131.2745
1.0854381411098997	132.2473
1.0868654101974868	133.319
1.0882964377290172	134.5239
1.089731238569794	135.9211
1.0911698276636153	137.4884
1.0926122200332962	139.1923
1.0940584307811896	140.9995
1.0955084750897133	142.8777
1.0969623682218825	144.7924
1.0984201255218453	146.7176
1.0998817624154207	148.6132
1.1013472944106444	150.4437
1.102816737098317	152.1746
1.1042901061525567	153.7713
1.105767417331356	155.207
1.107248686477145	156.5619
1.1087339295173555	157.8741
1.1102231624649948	159.1422
1.1117164014192182	160.3717
1.1132136625659106	161.5695
1.114714962178272	162.7415
1.1162203166174054	163.8935
1.1177297423329122	165.0378
1.1192432558634917	166.1798
1.1207608738375439	167.3212
1.1222826129737797	168.4687
1.1238084900818337	169.6212
1.1253385220628842	170.7364
1.1268727259102778	171.8149
1.1284111187101549	172.8763
1.1299537176420895	173.9255
1.1315005399797247	174.9718
1.133051603091417	176.0266
1.1346069244408903	177.1021
1.1361665215878884	178.2097
1.137730412188835	179.3627
1.1392986139975032	180.5794
1.1408711448656847	181.864
1.1424480227438683	183.2628
1.144029265681922	184.8501
1.1456148918297833	186.5887
1.147204919438152	188.4366
1.148799366859192	190.3574
1.1503982525472354	192.3082
1.1520015950594966	194.2411
1.153609413056788	196.1135
1.155221725304247	197.8804
1.1568385506720622	199.4995
1.1584599081362137	200.9268
1.160085816779212	202.131
1.1617162957908482	203.1747
1.1633513644689495	204.1169
1.1649910422201393	204.9802
1.166635348560605	205.7871
1.1682843031168741	206.5593
1.169937925626594	207.3225
1.1715962359393177	208.1067
1.1732592540173012	208.9253
1.1749269999363023	209.8009
1.1765994938863895	210.7574
1.178276756172756	211.8176
1.1799588072165434	213.0381
1.1816456675556666	214.4736
1.1833373578456532	216.0875
1.1850338988604856	217.8408
1.1867353114934511	219.7002
1.1884416167579994	221.6327
1.1901528357886084	223.604
1.1918689898416563	225.5805
1.1935901002963012	227.5383
1.1953161886553703	229.4358
1.197047276546254	231.2358
1.1987833857218109	232.9367
1.2005245380612761	234.619
1.2022707555711833	236.2867
1.204022060386291	237.9425
1.205778474770516	239.5952
1.2075400211178797	241.2342
1.2093067219534581	242.8597
1.211078599934342	244.4719
1.212855677850607	246.0701
1.2146379786262873	247.6556
1.216425525320366	249.235
1.2182183411277652	250.8003
1.2200164493803523	252.33
1.2218198735479506	253.8304
1.2236286372393614	255.3106
1.2254427642033932	256.7791
1.2272622783299016	258.2446
1.2290872036508378	259.7269
1.2309175643413084	261.2255
1.2327533847206393	262.7481
1.2345946892534558	264.3027
1.2364415025507685	265.898
1.2382938493710691	267.5401
1.2401517546214382	269.2537
1.2420152433586604	271.1494
1.2438843407903515	273.0705
1.2457590722760943	275.0097
1.2476394633285866	276.9608
1.2495255396147975	278.9172
1.2514173269571365	280.8701
1.25331485133463	282.8141
1.2552181388841135	284.7417
1.2571272159014275	286.6462
1.2590421088426331	288.539
1.2609628443252308	290.4271
1.2628894491293945	292.3106
1.2648219501992175	294.1895
1.2667603746439673	296.0653
1.2687047497393529	297.9385
1.2706551029288062	299.8096
1.2726114618247706	301.6779
1.2745738542100056	303.5459
1.2765423080389013	305.4135
1.278516851438807	307.2649
1.280497512711369	309.078
1.2824843203338845	310.8643
1.284477302960666	312.6404
1.2864764894244183	314.4187
1.2884819087376282	316.2149
1.2904935900939714	318.045
1.2925115628697241	319.9226
1.2945358566251977	321.8625
1.2965665011061782	323.8811
1.2986035262453868	326.0034
1.3006469621639476	328.2944
1.3026968391728742	330.7307
1.3047531877745677	333.2748
1.3068160386643297	335.8881
1.3088854227318902	338.535
1.310961371062948	341.1756
1.3130439149407287	343.7729
1.3151330858475554	346.2874
1.317228915466436	348.6822
1.3193314356826633	350.9335
1.3214406785854333	353.1793
1.3235566764694777	355.4394
1.3256794618367103	357.6849
1.3278090673978933	359.8853
1.3299455260743178	362.0134
1.3320888709994978	364.0376
1.3342391355208856	365.9288
1.3363963532015983	367.6568
1.338560557822168	369.1925
1.3407317833823007	370.509
1.3429100641026623	371.6375
1.3450954344266697	372.6264
1.347287929022312	373.516
1.3494875827839814	374.3488
1.351694430834323	375.1662
1.3539085085261078	376.0117
1.356129851444116	376.9284
1.3583584954070478	377.9552
1.3605944764694462	379.1394
1.3628378309236415	380.6218
1.3650885953017151	382.8271
1.3673468063774834	385.6453
1.3696125011684983	388.8939
1.3718857169380723	392.3914
1.3741664911973206	395.9535
1.376454861707225	399.3992
1.378750866480715	402.5423
1.3810545437847765	405.2005
1.383365932142575	407.1891
1.3856850703356056	408.5958
1.3880119974058582	409.7833
1.3903467526580129	410.8079
1.3926893756616487	411.7261
1.395039906253483	412.5936
1.3973983845396256	413.4653
1.3997648508978637	414.3963
1.4021393459799634	415.4447
1.404521910713999	416.6651
1.4069125863067042	418.1406
1.409311414245846	420.1526
1.411718436302628	422.6546
1.414133694534112	425.519
1.4165572312856705	428.6242
1.418989089193457	431.8405
1.4214293111869105	435.0396
1.4238779404912811	438.0984
1.4263350206301788	440.8863
1.4288005954281568	443.2773
1.4312747090133138	445.3242
1.4337574058199283	447.1834
1.436248730591118	448.9092
1.4387487283815297	450.5521
1.4412574445600501	452.1656
1.4437749248125566	453.8048
1.446301215144687	455.5194
1.4488363618846425	457.3653
1.4513804116860205	459.3954
1.453933411530675	461.7521
1.45649540873161	464.5509
1.4590664509359021	467.6584
1.4616465861276544	470.9354
1.4642358626309806	474.2376
1.466834329113023	477.4288
1.469442034587002	480.3672
1.472059028415296	482.9085
1.4746853603125578	484.9162
1.4773210803488628	486.3761
1.4799662389528894	487.5608
1.4826208869151363	488.5558
1.4852850753911744	489.4348
1.4879588559049302	490.2726
1.4906422803520083	491.1415
1.4933354010030506	492.1189
1.496038270507129	493.2762
1.498750941895174	494.6882
1.5014734685834488	496.729
1.5042059043770493	499.8061
1.5069483034734528	503.6678
1.509700720466098	508.0499
1.512463210348012	512.6877
1.5152358285154695	517.3172
1.5180186307716965	521.6688
1.5208116733306138	525.4816
1.5236150128206245	528.4916
1.5264287062884367	530.9332
1.529252811202939	533.1544
1.5320873854591077	535.1985
1.5349324873819659	537.1077
1.5377881757305836	538.9324
1.5406545097021223	540.7131
1.5435315489359267	542.4974
1.5464193535176587	544.3284
1.549317983983484	546.2288
1.5522275013242977	548.2421
1.555147966990007	550.2084
1.5580794428938523	552.1337
1.5610219914167869	554.069
1.563975675411899	556.0532
1.5669405582088887	558.1377
1.569916703618592	560.3685
1.5729041759375613	562.7879
1.5759030399526954	565.5869
1.578913360945919	568.871
1.5819352046989257	572.4921
1.5849686374979648	576.3066
1.588013726138691	580.1663
1.5910705379310657	583.9259
1.5941391407043177	587.433
1.597219602811959	590.5469
1.6003119931368606	593.1625
1.603416381096389	595.4422
1.6065328366475973	597.4953
1.60966143029248	599.4131
1.6128022330832947	601.2804
1.6159553166279348	603.1903
1.6191207530953744	605.2321
1.622298615221175	607.492
1.6254889763130556	610.0825
1.628691910256529	613.2754
1.6319074915206093	616.9642
1.6351357951635783	620.9526
1.6383768968388277	625.037
1.641630872800772	629.0159
1.644897799910823	632.6841
1.648177755643447	635.8471
1.6514708180922848	638.3107
1.6547770659763534	640.231
1.658096578646316	641.8293
1.661429436090831	643.2296
1.6647757189429784	644.5516
1.6681355084867582	645.9227
1.6715088866636774	647.467
1.6748959360794098	649.3066
1.6782967400105357	651.5945
1.6817113824113705	654.8897
1.685139947920874	659.1214
1.6885825218696398	663.9864
1.6920391902869776	669.1728
1.6955100399080796	674.3677
1.6989951581812717	679.2675
1.7024946332753625	683.5543
1.7060085540870766	686.9924
1.7095370102485805	689.9866
1.7130800921351057	692.7174
1.7166378908726658	695.2665
1.7202104983458661	697.7076
1.7237980072058157	700.1243
1.727400510878137	702.5959
1.7310181035710759	705.1959
1.734650880283712	707.9755
1.7382989368142767	710.8585
1.7419623697685749	713.8047
1.745641276568508	716.7818
1.7493357554607165	719.7491
1.7530459055253207	722.6693
1.7567718266847792	725.5117
1.7605136197128617	728.2361
1.7642713862437323	730.8783
1.7680452287811521	733.4797
1.7718352507077997	736.0341
1.7756415562947123	738.5288
1.7794642507108478	740.9711
1.7833034400327692	743.35
1.7871592312544622	745.6562
1.791031732297267	747.8531
1.7949210520199534	749.8304
1.7988273002289195	751.6696
1.8027505876885248	753.4761
1.8066910261315596	755.3541
1.8106487282698547	757.3974
1.8146238078050247	759.7117
1.8186163794393588	762.4438
1.8226265588868547	766.313
1.8266544628843944	771.1647
1.830700209203076	776.498
1.8347639166596859	781.8162
1.8388457051283398	786.626
1.8429456955522596	790.4245
1.847064009955729	792.7173
1.8512007714561898	793.9483
1.8553561042765176	794.8419
1.8595301337574548	795.5245
1.8637229863702112	796.142
1.8679347897292402	796.8244
1.8721656726051836	797.6977
1.876415764937999	798.9093
1.8806851978502588	801.2263
1.8849741036606351	805.1796
1.889282615897574	810.1505
1.8936108693131475	815.5182
1.8979589998971038	820.6488
1.9023271448911132	824.9266
1.9067154428032034	827.719
1.9111240334224013	829.2527
1.915553057833577	830.5199
1.9200026584324938	831.5816
1.924472978941068	832.5031
1.928964164422844	833.3565
1.9334763612986867	834.2009
1.9380097173626931	835.0921
1.942564381798328	835.9533
1.9471405051947908	836.7022
1.9517382395636094	837.3995
1.9563577383554756	838.1356
1.9609991564773162	838.9712
1.9656626503096044	839.9753
1.97034837772393	841.2569
1.9750564981008092	843.5827
1.9797871723477574	846.8851
1.9845405629176196	850.6877
1.989316833827169	854.4961
1.994116150675968	857.8218
1.9989386806655103	860.1877
2.003784592618639	861.3239
2.008654056999243	862.077
2.0135472459322497	862.6757
2.018464333223904	863.1793
2.0234054943823465	863.6494
2.0283709066384996	864.1761
2.033360748967254	864.8213
2.038375202108974	865.5568
2.043414448591319	866.3265
2.0484786727513966	867.1512
2.053568060758233	868.0381
2.058682800635588	869.017
2.0638230822851154	870.0981
2.068989097509859	871.343
2.0741810400381144	873.0039
2.079399105547644	874.9168
2.084643491690261	876.8527
2.0899143981167856	878.6143
2.095212026502379	879.9586
2.100536580572271	881.0886
2.1058882661278693	883.0881
2.111267291073279	885.1995
2.1166738654422246	886.6688
2.1221082014253883	887.8357
2.127570513398169	888.7729
2.1330610179488736	889.4924
2.1385799339073444	890.239
2.14412748237403	891.3494
2.1497038867495153	892.3713
2.1553093727645076	893.275
2.1609441685102966	894.3298
2.1666085044696946	894.8569
2.172302613548459	894.2621
2.1780267311072166	894.697
2.1837810949938934	897.4545
2.1895659455766583	899.2268
2.1953815257773934	900.9661
2.2012280811056955	903.6137
2.207105859693428	904.2399
2.2130151123298223	904.2714
2.2189560924971503	906.407
2.224929056406968	908.9633
2.2309342630369464	909.4655
2.2369719741683047	909.8361
2.2430424544238496	910.1179
2.2491459713066364	910.1997
2.255282795239259	910.346
2.2614531996037988	912.1393
2.2676574607824107	912.8486
2.273895858198593	912.9992
2.280168674359141	913.5713
2.286476194896787	914.3525
2.2928187086135607	915.0046
2.299196507524864	915.0069
2.3056098869042922	914.416
2.3120591453291985	914.0018
2.3185445847270367	913.5004
2.3250665104224715	912.3884
2.3316252311852996	912.302
2.3382210592791757	912.9258
2.344854310511174	912.7859
2.3515253042821866	912.6208
2.358234363638198	912.6442
2.3649818153224285	912.9646
2.371767989828375	914.5116
2.37859322145378	916.5115
2.3854578483555224	918.4308
2.392362212605466	919.5847
2.3993066602472815	920.6179
2.4062915413542614	921.6287
2.413317210088142	923.5675
2.4203840247589707	924.9188
2.4274923478860164	925.1116
2.4346425462597603	925.0812
2.4418349910049884	924.8697
2.4490700576450033	925.7374
2.4563481261669797	927.4073
2.46366958108849	928.873
2.471034811525228	929.4897
2.4784442112599363	929.7508
2.485898178812597	931.2985
2.493397117511881	933.2568
2.500941435567893	934.2976
2.5085315461462483	933.9346
2.516167867443497	932.0291
2.523850822763935	931.9807
2.531580840597821	931.9933
2.5393583547010397	931.9344
2.547183804176236	931.8536
2.555057633555452	931.7881
2.5629802928843057	931.9951
2.5709522378077407	932.2356
2.5789739296573746	932.2833
2.587045835540496	931.911
2.5951684284307337	930.5545
2.6033421872604374	931.08
2.6115675970148136	931.616
2.619845148827856	931.0598
2.628175340080092	930.9403
2.636558674498209	931.1661
2.644995662256604	932.0136
2.653486820080863	932.6733
2.6620326713532645	932.6207
2.670633746220319	932.5735
2.6792905817023946	932.508
2.688003721805491	931.4258
2.696773717635199	930.4037
2.7056011275128924	930.4155
2.714486517094216	930.4533
2.723430459489913	930.5076
2.7324335353890534	931.6147
2.741496333184705	932.6489
2.750619449102125	932.5046
2.759803487329511	932.6978
2.7690490601513855	933.4778
2.778356788084668	933.0153
2.7877273000175	932.5599
2.7971612333508915	933.5313
2.806659234143255	933.6215
2.816221957257883	932.9493
2.825850066513466	933.2852
2.8355442348376965	933.7262
2.845305144424057	933.8232
2.8551334868918437	933.8237
2.8650299634495267	933.8126
2.8749952850615257	933.5163
2.88503017261846	933.2666
2.895135357110993	934.0403
2.9053115798073414	934.1248
2.915559592434528	933.4827
2.925880157363499	932.8115
2.9362740477981837	932.0142
2.9467420479685877	931.0184
2.9572849533280454	929.9073
2.9679035707547166	928.8445
2.9785987187574365	928.4675
2.9893712276860347	928.2459
3.000221939946238	928.0452
3.0111517102192664	928.311
3.0221614056862474	929.5601
3.033251906257573	929.9391
3.0444241048073253	930.0103
3.055678907412897	928.498
3.067017233599958	927.5965
3.0784400165928814	927.2351
3.0899482035707995	927.0079
3.101542755929413	926.6534
3.1132246495487332	924.1719
3.124994875066876	923.5745
3.136854438160109	923.9637
3.14880435982929	924.1734
3.160845676692882	924.1786
3.1729794412867127	921.8984
3.1852067223706686	920.543
3.197528605242509	920.0426
3.209946192058985	920.1852
3.222460602164478	920.3519
3.2350729724273526	920.1645
3.2477844575842383	920.1423
3.26059623059246	920.4792
3.2735094829908467	921.4055
3.28652542526914	922.0028
3.2996452872462614	919.8491
3.3128703184576698	919.2817
3.326201788552067	919.54
3.3396409876977313	919.0292
3.3531892269987367	917.8976
3.366847838921338	916.3013
3.3806181777308324	914.7748
3.3945016199391738	913.4902
3.408499564763664	912.6876
3.422613434597054	912.0741
3.4368446754893496	911.6138
3.4511947576417055	910.5391
3.465665175912741	908.2547
3.480257450337636	906.1526
3.494973126660417	904.5175
3.509813776879782	901.9437
3.5247809998089066	898.1047
3.5398764216496303	896.7975
3.5551016965814566	896.2847
3.570458507365825	895.7813
3.5859485659661114	896.0224
3.6015736141838284	897.6107
3.6173354243115474	900.245
3.633235799803027	901.9073
3.649276575961097	901.8781
3.6654596206438517	901.8777
3.6817868349897047	901.9956
3.6982601541619182	901.3158
3.7148815481132065	899.9525
3.7316530223710545	898.1979
3.7485766188443925	896.7283
3.76565441665234	896.0139
3.7828885329756914	893.7194
3.8002811239319017	890.5953
3.8178343854743124	888.7281
3.835550554316421	888.881
3.8534319088819977	889.5002
3.8714807702819143	890.3019
3.889699503318535	891.4204
3.908090517518622	894.9088
3.926656268195671	898.7664
3.9453992575426664	902.0861
3.9643220357563	904.1417
3.9834272021936803	904.8191
4.002717406562656	906.1593
4.022195350146903	906.2114
4.041863787066937	904.8851
4.061725525578321	903.2814
4.08178342940834	900.9938
4.102040419132449	899.6011
4.122499473591963	898.6871
4.143163631354329	895.6148
4.164035992217575	892.5513
4.185119718760448	890.4653
4.206418037939891	888.9412
4.227934242737538	885.4122
4.24967169385701	880.1164
4.271633821473843	874.9812
4.293824127039941	870.9594
4.316246185144588	867.8699
4.338903645434061	864.0923
4.361800234592025	860.4329
4.384939758382965	860.5721
4.408326103761006	856.0219
4.431963241046587	849.4015
4.455855226173524	839.2349
4.480006203009152	829.3102
4.504420405750347	850.6127
4.529102161398295	880.5016
4.5540558923150884	891.3358
4.579286118865311	894.2218
4.604797462145898	894.1356
4.630594646807778	892.7703
4.656682503972894	891.8972
4.68306597425036	891.9918
4.709750110855775	889.5941
4.736740082837758	884.3198
4.764041178416073	877.3264
4.7916588084358755	871.582
4.819598509942791	870.0786
4.847865949883803	872.085
4.876466928939166	872.8597
4.905407385490734	874.0417
4.93469339973247	869.4522
4.964331197929061	865.8766
4.994327156828934	861.6555
5.0246878082382285	856.5514
5.055419843762622	850.0642
5.0865301197242365	844.6412
5.118025662261229	834.4921
5.1461729446208695	822.0015
5.1633179247591166	815.3064
5.169237926549022	812.8424
5.171394021617447	811.9135
5.173551916055844	810.9693
5.17571161211765	810.0135
5.177873112060066	809.0499
5.18003641814407	808.0799
5.182201532634412	807.1079
5.184368457799636	806.162
5.18653719591208	805.1902
5.188707749247889	804.1937
5.190880120087013	803.1815
5.193054310713227	802.1597
5.195230323414134	801.1414
5.197408160481169	800.1474
5.199587824209615	799.1876
5.2017693168986066	798.275
5.203952640851134	797.4146
5.206137798374062	796.5672
5.208324791778127	795.736
5.210513623377948	794.9337
5.212704295492045	794.1708
5.21489681044283	793.4605
5.217091170556628	792.8126
5.219287378163684	792.2551
5.221485435598159	791.7073
5.223685345198159	791.1866
5.225887109305723	790.707
5.228090730266847	790.2764
5.230296210431483	789.9045
5.2325035521535455	789.5683
5.234712757790934	789.3134
5.236923829705525	789.0877
5.239136770263185	788.8763
5.24135158183379	788.6624
5.243568266791216	788.4348
5.245786827513361	788.2258
5.24800726638215	788.0195
5.250229585783539	787.7894
5.252453788107532	787.5243
5.25467987574818	787.1754
5.256907851103595	786.5253
5.259137716575962	785.7373
5.261369474571539	784.9968
5.26360312750067	784.4868
5.2658386777778	784.3295
5.268076127821468	784.2554
5.270315480054338	784.1948
5.272556736903182	784.1372
5.2747999007989055	784.0692
5.277044974176561	783.971
5.279291959475337	783.8018
5.281540859138586	783.601
5.283791675613821	783.4067
5.28604441135273	783.2717
5.288299068811188	783.2976
5.290555650449256	783.8179
5.292814158731197	784.7186
5.295074596125487	785.8883
5.297336965104819	787.1963
5.299601268146112	788.596
5.301867507730524	790.4879
5.3041356863434554	792.7691
5.30640580647457	795.3375
5.308677870617782	797.9938
5.310951881271292	800.6297
5.313227840937575	803.4133
5.3155057521234	806.3503
5.317785617339836	809.4221
5.3200674391022655	812.603
5.3223512199303835	815.897
5.32463696234822	819.437
5.326924668884137	823.1345
5.329214342070848	826.8867
5.331505984445422	830.5198
5.333799598549292	834.0098
5.336095186928267	837.6445
5.338392752132543	841.2545
5.340692296716704	844.5895
5.3429938232397465	847.4002
5.34529733426507	849.5191
5.347602832360504	851.3283
5.349910320098309	852.9118
5.352219800055182	854.2772
5.354531274812278	855.4283
5.356844746955208	856.3997
5.359160219074056	857.3313
5.361477693763385	858.1728
5.36379717362225	858.8449
5.366118661254199	859.292
5.3684421592673	859.4357
5.37076767027413	859.5147
5.373095196891801	859.5703
5.37542474174196	859.6013
5.377756307450803	859.5937
5.38008989664909	859.4478
5.3824255119721425	858.8868
5.384763156059861	858.0103
5.387102831556737	857.0314
5.3894445411118586	856.1595
5.391788287378922	855.5687
5.394134073016241	855.1317
5.396481900686759	854.7504
5.398831773058058	854.3519
5.401183692802366	853.87
5.40353766259657	853.1913
5.405893685122229	851.9574
5.408251763065574	850.4697
5.410611899117534	849.1002
5.412974095973731	848.2184
5.4153383563344955	848.0581
5.417704682904884	848.0346
5.42007307839468	848.0244
5.422443545518402	848.0261
5.424816086995332	848.0325
5.427190705549499	848.0738
5.429567403909713	848.2496
5.431946184809564	848.499
5.434327050987433	848.7388
5.436710005186507	848.8799
5.439095050154784	848.8491
5.441482188645086	848.6845
5.443871423415074	848.4181
5.446262757227248	848.1506
5.4486561928489685	847.9584
5.451051733052465	847.9013
5.453449380614835	847.8665
5.455849138318076	847.9054
5.4582510089490786	847.981
5.460654995299638	848.0899
5.463061100166482	848.3455
5.465469326351258	849.3497
5.467879676660564	851.0179
5.470292153905948	853.1499
5.472706760903918	855.5255
5.475123500475968	858.0604
5.477542375448568	861.2828
5.479963388653183	865.2236
5.482386542926302	869.7231
5.484811841109414	874.6938
5.48723928604905	880.1555
5.489668880596781	886.6506
5.492100627609226	894.0985
5.494534529948075	902.2932
5.496970590480085	911.0344
5.499408812077102	920.2623
5.501849197616077	930.5702
5.504291749979058	941.7729
5.5067364720532215	953.5618
5.509183366730874	965.6158
5.511632436909459	977.7457
5.514083685491586	990.4411
5.5165371153850185	1003.549
5.518992729502705	1016.821
5.521450530762784	1029.922
5.523910522088585	1042.679
5.526372706408661	1055.344
5.528837086656781	1067.925
5.531303665771952	1080.319
5.533772446698429	1092.552
5.536243432385724	1104.747
5.538716625788622	1117.76
5.5411920298671875	1130.775
5.543669647586778	1142.694
5.5461494819180635	1152.449
5.548631535837025	1159.275
5.551115812324973	1164.624
5.553602314368568	1169.12
5.556091044959816	1173.113
5.55858200709609	1176.993
5.561075203780144	1180.954
5.563570638020115	1184.782
5.566068312829553	1188.439
5.5685682312274105	1191.958
5.571070396238071	1195.358
5.57357481089136	1198.724
5.576081478222545	1202.264
5.578590401272364	1205.755
5.581101583087027	1208.899
5.5836150267182285	1211.406
5.586130735223172	1213.075
5.588648711664562	1214.312
5.591168959110632	1215.315
5.59369148063516	1216.211
5.596216279317457	1217.127
5.598743358242415	1218.201
5.6012727205004875	1219.263
5.603804369187719	1220.319
5.606338307405756	1221.363
5.608874538261855	1222.416
5.611413064868897	1223.42
5.613953890345407	1224.477
5.6164970178155516	1225.533
5.619042450409169	1226.589
5.621590191261768	1227.641
5.62414024351455	1228.689
5.626692610314422	1229.717
5.6292472948139975	1230.739
5.6318043001716225	1231.779
5.634363629551388	1232.864
5.636925286123132	1233.994
5.639489273062465	1235.229
5.642055593550777	1236.466
5.644624250775245	1237.72
5.647195247928868	1238.971
5.649768588210449	1240.185
5.652344274824631	1241.32
5.654922310981906	1242.44
5.657502699898622	1243.627
5.664610927162915	1248.169
5.685391340973441	1262.144
5.7201463284096095	1269.806
5.760007975297483	1279.611
5.80042908389606	1287.906
5.841421515584371	1295.559
5.882997469431947	1301.006
5.925169494302427	1307.21
5.967950501481508	1308.891
6.011353777855918	1309.865
6.055392999671709	1310.068
6.100082246901763	1309.668
6.145436018254189	1309.137
6.191469246855345	1308.736
6.238197316642933	1308.371
6.285636079507138	1307.862
6.333801873219837	1307.011
6.382711540194507	1306.302
6.432382447122089	1305.61
6.4769059249459735	1305.437
6.504087694073616	1304.9
6.513484195864371	1304.66
6.516907840645377	1304.561
6.520335086420105	1304.458
6.523765938872838	1304.351
6.5272004036998315	1304.248
6.530638486609339	1304.189
6.53408019332165	1304.129
6.537525529569117	1304.063
6.540974501096191	1303.993
6.5444271136594505	1303.938
6.547883373027637	1303.891
6.551343284981679	1303.839
6.554806855314739	1303.796
6.55827408983223	1303.756
6.561744994351855	1303.662
6.565219574703642	1303.517
6.568697836729977	1303.37
6.572179786285624	1303.227
6.575665429237778	1303.08
6.57915477146608	1302.981
6.582647818862665	1302.827
6.58614457733218	1302.664
6.58964505279183	1302.503
6.593149251171407	1302.332
6.5966571784133174	1302.091
6.600168840472627	1301.785
6.603684243317087	1301.477
6.607203392927168	1301.166
6.610726295296097	1300.859
6.61425295642989	1300.369
6.617783382347387	1299.696
6.621317579080284	1299.033
6.624855552673164	1298.381
6.628397309183548	1297.74
6.631942854681909	1297.118
6.6354921952517145	1296.498
6.639045336989467	1295.885
6.642602286004729	1295.261
6.646163048420171	1294.626
6.649727630371589	1294.39
6.653296038007957	1294.566
6.656868277491451	1294.731
6.66044435499749	1294.899
6.664024276714769	1295.081
6.667608048845296	1295.089
6.671195677604428	1294.923
6.674787169220904	1294.757
6.678382529936886	1294.593
6.681981766007991	1294.42
6.685584883703331	1293.203
6.689191889305546	1291.014
6.692802789110838	1288.804
6.696417589429019	1286.616
6.700036296583534	1284.477
6.703658916911505	1285.405
6.7072854567637705	1289.198
6.710915922504912	1292.721
6.714550320513313	1296.163
6.71818865718116	1299.682
6.721830938914518	1300.723
6.725477172133349	1300.361
6.72912736327155	1300.271
6.732781518776991	1300.271
6.736439645111561	1300.213
6.740101748751197	1300.461
6.743767836185929	1301.026
6.7474379139199065	1301.878
6.7511119884714565	1302.929
6.7547900663731015	1304.043
6.758472154171616	1304.549
6.76215825842805	1304.436
6.765848385717779	1304.325
6.769542542630537	1304.216
6.773240735770462	1304.104
6.7769429717561245	1303.987
6.780649257220579	1303.863
6.784359598811397	1303.737
6.788074003190708	1303.615
6.791792477035241	1303.49
6.795515027036355	1303.363
6.7992416599000975	1303.233
6.802972382347231	1303.154
6.806707201113275	1303.023
6.810446122948546	1302.893
6.814189154618208	1302.763
6.817936302902298	1302.633
6.821687574595781	1302.503
6.825442976508577	1302.376
6.829202515465617	1302.245
6.8329661983068775	1302.114
6.836734031887416	1301.983
6.840506023077423	1301.852
6.844282178762255	1301.719
6.848062505842491	1301.586
6.851847011233948	1301.454
6.855635701867752	1301.245
6.859428584690361	1301.157
6.86322566666362	1301.018
6.86702695476479	1300.889
6.870832455986606	1300.773
6.8746421773373045	1300.663
6.878456125840683	1300.56
6.882274308536125	1300.462
6.886096732478661	1300.373
6.889923404738998	1300.299
6.893754332403575	1300.249
6.897589522574592	1300.202
6.90142898237007	1300.153
6.905272718923881	1300.105
6.9091207393858065	1300.058
6.9129730509215666	1300.005
6.9168296607128745	1299.95
6.920690575957481	1299.945
6.924555803869215	1299.884
6.928425351678027	1299.825
6.932299226630041	1299.761
6.936177435987596	1299.702
6.940059987029291	1299.637
6.94394688705003	1299.563
6.94783814336107	1299.474
6.951733763290064	1299.374
6.95563375418111	1299.26
6.959538123394798	1299.13
6.963446878308244	1298.979
6.967360026315162	1298.811
6.971277574825883	1298.558
6.975199531267415	1298.354
6.979125903083497	1298.19
6.983056697734627	1297.962
6.986991922698128	1297.719
6.9909315854681875	1297.466
6.994875693555898	1297.213
6.998824254489319	1296.958
7.002777275813515	1296.701
7.006734765090607	1296.429
7.010696729899819	1296.148
7.014663177837526	1295.864
7.01863411651731	1295.577
7.022609553569998	1295.284
7.0265894966437115	1294.995
7.0305739534039295	1294.722
7.034562931533521	1294.457
7.038556438732801	1294.264
7.042554482719584	1294.043
7.046557071229229	1293.841
7.050564212014689	1293.65
7.054575912846561	1293.474
7.05859218151314	1293.31
7.0626130258204665	1293.156
7.066638453592379	1293.014
7.070668472670562	1292.879
7.074703090914596	1292.756
7.078742316202014	1292.644
7.082786156428352	1292.527
7.086834619507189	1292.435
7.090887713370218	1292.323
7.0949454459672845	1292.293
7.099007825266435	1292.317
7.103074859253984	1292.289
7.107146555934555	1292.271
7.111222923331131	1292.253
7.115303969485123	1292.22
7.119389702456404	1292.141
7.1234801303233715	1292.029
7.127575261183002	1291.897
7.131675103150893	1291.695
7.1357796643613405	1291.452
7.1398889529673655	1291.202
7.144002977140783	1290.916
7.148121745072256	1290.62
7.152245264971347	1290.337
7.156373545066569	1290.052
7.160506593605446	1289.789
7.164644418854567	1289.625
7.16878702909964	1289.432
7.172934432645548	1289.263
7.177086637816399	1289.128
7.181243652955592	1289.016
7.185405486425863	1288.908
7.189572146609353	1288.795
7.193743641907647	1288.683
7.197919980741846	1288.559
7.202101171552616	1288.409
7.213624533427101	1287.835
7.247357689216911	1285.337
7.30392763877928	1280.609
7.369044378500938	1279.937
7.435332633779807	1280.266
7.502824306703679	1273.091
7.571552468291803	1273.346
7.641551412528708	1277.196
7.704469266321472	1264.833
7.742961540563829	1256.851
7.756282243871023	1255.15
7.7611375066214885	1256.626
7.765998851755609	1258.938
7.770866290710015	1261.94
7.775739834950034	1266.861
7.780619495969771	1272.075
7.7855052852922	1275.829
7.7903972144692615	1279.105
7.795295295081942	1281.542
7.800199538740376	1282.63
7.805109957083933	1282.595
7.810026561781308	1280.768
7.814949364530621	1276.968
7.819878377059494	1273.52
7.824813611125168	1270.598
7.829755078514576	1267.106
7.834702791044442	1262.993
7.8396567605613825	1259.183
7.844616998941999	1255.725
7.84958351809296	1251.404
7.854556329951111	1246.423
7.859535446483568	1243.408
7.864520879687808	1241.949
7.8695126415917676	1239.891
7.87451074425394	1236.799
7.8795151997634765	1234.929
7.884526020240273	1234.041
7.889543217835082	1232.993
7.894566804729595	1231.528
7.899596793136559	1228.674
7.904633195299859	1225.093
7.909676023494628	1228.047
7.9147252900273415	1237.167
7.919781007235917	1244.067
7.924843187489823	1253.971
7.92991184319017	1272.745
7.934986986769809	1284.224
7.940068630693455	1283.543
7.945156787457757	1291.94
7.950251469591425	1317.614
7.955352689655329	1332.885
7.960460460242587	1345.204
7.965574793978688	1356.839
7.970695703521589	1365.718
7.975823201561807	1370.641
7.980957300822548	1371.943
7.9860980140597935	1371.644
7.991245354062411	1370.094
7.996399333652261	1368.922
8.002851164646009	1368.563
8.013195777558783	1368.419
8.027463364731519	1368.34
8.043086063462749	1368.172
8.05876968919586	1367.903
8.074514599041244	1367.563
8.090321152905599	1367.079
8.106189713519338	1366.56
8.12212064646435	1366.049
8.138114320202055	1365.596
8.154171106101828	1365.312
8.170291378469738	1365.067
8.186475514577637	1364.833
8.202723894692578	1364.514
8.219036902106616	1364.283
8.235414923166939	1364.117
8.251858347306376	1363.886
8.268367567074245	1363.649
8.28494297816761	1363.4
8.301584979462893	1363.04
8.318293973047856	1362.636
8.335070364254003	1362.096
8.351914561689341	1361.447
8.368826977271569	1360.911
8.385808026261635	1360.45
8.40285812729775	1360.183
8.419977702429764	1359.917
8.437167177154018	1359.653
8.454426980448572	1359.386
8.471757544808902	1359.12
8.489159306284032	1358.921
8.506632704513091	1358.649
8.524178182762345	1358.281
8.54179618796268	1357.975
8.55948717074755	1357.624
8.577251585491407	1357.306
8.595089890348582	1356.883
8.613002547292691	1356.44
8.630990022156512	1355.975
8.649052784672362	1355.499
8.66719130851299	1355.084
8.68540607133298	1354.433
8.70369755481069	1353.818
8.7220662446907	1353.156
8.74051263082681	1352.475
8.759037207225596	1351.866
8.777640472090498	1351.205
8.796322927866498	1350.589
8.81508508128534	1349.993
8.83392744341135	1349.474
8.852850529687846	1348.89
8.871854859984134	1348.22
8.890940958643121	1347.651
8.910109354529522	1347.091
8.92936058107874	1346.618
8.948695176346321	1346.074
8.968113683058105	1345.529
8.987616648660987	1344.987
9.007204625374376	1344.452
9.026878170242322	1344.012
9.046637845186304	1343.429
9.06648421705874	1342.973
9.0864178576972	1342.549
9.106439343979309	1342.146
9.126549257878416	1341.826
9.146748186519975	1341.432
9.167036722238691	1341.026
9.187415462636407	1340.603
9.207885010640792	1340.149
9.228445974564814	1339.69
9.249098968166976	1338.962
9.269844610712397	1338.275
9.290683527034718	1337.568
9.311616347598818	1336.873
9.332643708564417	1336.306
9.353766251850494	1335.739
9.374984625200629	1335.248
9.396299482249207	1334.771
9.417711482588553	1334.391
9.439221291836947	1333.832
9.460829581707614	1333.369
9.482537030078646	1332.895
9.50434432106388	1332.405
9.526252145084772	1331.986
9.548261198943264	1331.476
9.57037218589566	1330.961
9.592585815727528	1330.437
9.614902804829645	1329.904
9.637323876275033	1329.347
9.659849759897023	1328.802
9.682481192368474	1328.257
9.705218917282059	1327.711
9.72806368523172	1327.164
9.751016253895264	1326.699
9.774077388118114	1326.14
9.797247859998286	1325.566
9.820528448972539	1324.974
9.843919941903794	1324.36
9.867423133169781	1323.708
9.891038824752956	1323.053
9.914767826331731	1322.386
9.93861095537301	1321.713
9.96256903722606	1321.126
9.986642905217744	1320.458
10.010833400749153	1319.793
10.035141373393628	1319.128
10.05956768099621	1318.457
10.084113189774566	1317.756
10.108778774421385	1317.064
10.133565318208278	1316.351
10.158473713091217	1315.61
10.183504859817518	1314.818
10.20865966803444	1314.095
10.233939056399361	1313.285
10.259343952691628	1312.505
10.28487529392603	1311.783
10.310534026468048	1311.033
10.336321106150754	1310.514
10.362237498393505	1309.918
10.388284178322436	1309.324
10.41446213089276	1308.726
10.440772351012908	1308.206
10.467215843670603	1307.568
10.493793624060796	1306.853
10.520506717715595	1306.02
10.547356160636179	1305.014
10.57434299942672	1304.2
10.601468291430379	1303.328
10.628733104867404	1302.552
10.656138518975359	1301.879
10.683685624151513	1301.219
10.711375522097478	1300.658
10.73920932596607	1299.998
10.767188160510491	1299.333
10.795313162235812	1298.651
10.823585479552886	1297.931
10.852006272934641	1297.204
10.880576715074882	1296.461
10.909297991049566	1295.698
10.938171298480663	1294.919
10.967197847702632	1294.221
10.996378861931557	1293.41
11.025715577436934	1292.573
11.055209243716297	1291.712
11.084861123672622	1290.691
11.114672493794558	1289.863
11.144644644339621	1288.908
11.17477887952035	1287.912
11.205076517693476	1286.806
11.23553889155218	1285.718
11.266167348321515	1284.491
11.296963249957019	1283.275
11.327927973346577	1282.118
11.359062910515648	1280.919
11.390369468835855	1279.998
11.42184907123706	1278.99
11.453503156422936	1277.981
11.485333179090164	1276.947
11.517340610151258	1275.867
11.549526936961183	1274.798
11.581893663547715	1273.501
11.614442310845742	1272.126
11.647174416935488	1270.587
11.680091537284813	1269.309
11.713195244995587	1267.977
11.746487131054316	1266.659
11.779968804587012	1265.321
11.813641893118465	1264.006
11.847508042835958	1262.871
11.881568918857528	1261.723
11.915826205504882	1260.704
11.950281606581038	1259.579
11.984936845652806	1258.601
12.01979366633818	1257.741
12.054853832598765	1256.747
12.090119129037372	1255.729
12.125591361200813	1254.601
12.161272355888016	1253.422
12.19716396146368	1252.064
12.233268048177436	1250.718
12.269586508488699	1249.311
12.306121257397352	1248.231
12.342874232780316	1247.667
12.379847395734226	1247.27
12.417042730924218	1246.991
12.454462246939057	1246.592
12.492107976652726	1245.918
12.529981977592549	1244.671
12.568086332314072	1243.118
12.606423148782742	1241.276
12.644994560762704	1239.545
12.683802728212612	1238.026
12.7228498376889	1236.516
12.762138102756387	1235.048
12.80166976440664	1233.592
12.84144709148403	1232.234
12.881472381119822	1230.684
12.921747959174391	1228.991
12.962276180687747	1226.926
13.003059430338572	1224.915
13.044100122911974	1223.076
13.085400703776072	1221.288
13.126963649367738	1219.772
13.16879146768755	1218.326
13.210886698804291	1216.904
13.25325191536914	1215.602
13.29588972313976	1213.974
13.33880276151461	1212.434
13.381993704077527	1210.773
13.425465259153038	1209.192
13.469220170372436	1207.497
13.51326121725104	1205.906
13.557591215776739	1204.496
13.602213019010236	1203.257
13.647129517697113	1202.231
13.692343640892139	1200.894
13.73785835659593	1199.613
13.783676672404479	1198.187
13.829801636171588	1196.864
13.876236336684757	1195.378
13.922983904354663	1193.854
13.97004751191868	1192.293
14.017430375158654	1190.542
14.065135753633385	1188.649
14.1131669514261	1186.319
14.161527317907288	1184.165
14.21022024851327	1182.171
14.259249185540922	1180.4
14.308617618958833	1178.494
14.358329087235472	1176.6
14.40838717818458	1174.715
14.458795529828373	1172.812
14.50955783127891	1171.035
14.560677823638086	1168.925
14.612159300916712	1167.003
14.664006110973189	1165.108
14.716222156472199	1163.522
14.768811395864002	1161.942
14.821777844384734	1160.354
14.87512557507838	1158.625
14.928858719840854	1156.798
14.982981470486806	1154.565
15.037498079839695	1152.481
15.092412862845805	1150.381
15.147730197712681	1148.285
15.203454527072752	1146.494
15.259590359172716	1144.675
15.31614226908935	1142.856
15.373114899972508	1140.878
15.430512964315902	1138.789
15.4883412452565	1136.126
15.546604597903231	1133.578
15.605307950695819	1131.125
15.664456306794476	1128.903
15.724054745501371	1127.079
15.784108423714615	1125.157
15.844622577415757	1123.14
15.905602523191568	1120.872
15.967053659791151	1118.595
16.028981469719234	1115.861
16.091391520866747	1113.268
16.15428946817958	1110.664
16.217681055366686	1108.018
16.281572116648494	1105.516
16.345968578546906	1102.828
16.410876461717844	1100.155
16.47630188282768	1097.555
16.542251056474754	1094.972
16.608730297157173	1092.375
16.675746021288273	1089.687
16.743304749261082	1086.928
16.811413107563155	1084.349
16.880077830943268	1081.608
16.949305764631344	1078.812
17.019103866613357	1076.024
17.089479209962548	1073.294
17.160438985228833	1070.281
17.23199050288788	1066.699
17.30414119585182	1061.854
17.376898622043207	1056.356
17.450270467034244	1051.492
17.524264546753116	1047.56
17.59888881025952	1044.105
17.674151342591344	1040.763
17.750060367684796	1037.245
17.826624251369992	1033.739
17.90385150444452	1030.174
17.981750785827163	1026.503
18.060330905794363	1022.518
18.13960082930187	1018.822
18.219569679394308	1015.508
18.300246740705283	1012.867
18.381641463050894	1010.429
18.463763465119623	1007.709
18.546622538261524	1004.29
18.63022865037991	999.9357
18.714591949928792	995.191
18.799722770019454	990.9078
18.88563163263949	986.8993
18.972329252988263	983.1533
19.059826543932097	979.5141
19.148134620583523	975.5672
19.237264805008266	971.9561
19.327228631064425	967.8715
19.418037849377964	963.4121
19.509704432459213	958.471
19.602240579964946	953.6954
19.69565872411093	949.3439
19.789971535239946	945.4911
19.88519192755065	941.3385
19.981333064992473	937.265
20.078408367332518	932.8353
20.176431516400044	928.4426
20.275416462514848	923.8883
20.375377431105715	918.7126
20.476328929525728	911.3925
20.578285754071086	904.9379
20.681262997210727	903.1128
20.785276055034082	899.4357
20.89034063492474	895.1976
20.996472763467956	890.1329
21.103688794600565	886.3158
21.212005418011685	881.0743
21.321439667803666	874.8016
21.43200893142235	868.5243
21.543730958866778	866.2666
21.656623872188344	858.0608
21.77070617529031	851.637
21.885996764038534	842.2601
22.002514936695352	832.8474
22.12028040468837	823.4778
22.239313303727045	813.0306
22.359634205280127	811.6641
22.47107778310436	801.378
22.552827952392597	795.7233
22.604224552101787	793.35
22.645510806991464	789.4982
22.686948155220183	783.3555
22.72853742773204	773.3683
22.770279461575445	765.9782
22.8121750999592	759.2972
22.854225192309364	744.6774
22.89643059432655	722.6688
22.938792168044085	713.8444
22.981310781886613	724.452
23.02398731072949	754.1245
23.066822635958744	781.2365
23.109817645531834	803.6409
23.152973234038893	827.3443
23.196290302764883	855.0132
23.239769759752257	880.53
23.283412519864473	888.3513
23.327219504850103	810.2279
23.371191643407787	822.9423
23.415329871251803	921.3006
23.459635131178487	925.1526
23.504108373133324	925.5443
23.54875055427888	923.673
23.59356263906342	921.8173
23.63854559929043	923.1653
23.683700414188785	921.3685
23.729028070483885	919.4131
23.774529562469468	918.549
23.820205892080367	915.42
23.877548708382918	911.2307
23.96987369130561	903.6437
24.09799254971396	896.8168
24.239329749419014	891.629
24.382334644695835	886.3097
24.527036927453665	881.0911
24.67346699866235	874.8029
24.821655989645304	868.4167
24.971635784144674	862.5455
25.123439041191144	856.8985
25.27709921881311	850.7369
25.432650598621183	844.0165
25.590128311306152	837.6559
25.74956836308999	831.8887
25.911007663172057	825.0402
26.074484052214153	817.9421
26.24003633191075	812.1299
26.407704295692927	806.0732
26.577528760616996	798.9212
26.74955160049154	792.1535
26.9238157802993	784.5734
27.100365391973398	773.7728
27.279245691590383	767.3747
27.460503138046132	763.4316
27.6441854332839	754.325
27.830341564147762	744.1369
28.0190218459386	737.653
28.21027796775388	731.0888
28.404163039697202	723.8987
28.60073164204805	714.8853
28.800039876487407	705.3824
29.002145419480303	696.0768
29.207107577921857	683.2639
29.414987347159737	664.9933
29.625847471512138	647.2288
29.839752507407532	633.7614
30.05676888927959	606.9522
30.276964998358558	582.4446
30.500411234508807	585.0472
30.727180091270956	620.5062
30.957346234276724	633.7357
31.19098658321466	626.7173
31.428180397535687	619.1292
31.66900936609918	609.2643
31.913557700972536	600.9824
32.16191223561045	591.4704
32.414162527654454	582.6697
32.67040096660824	573.0378
32.9307228866609	562.3243
33.19522668494733	552.9802
33.4640139455542	545.2195
33.737189569599536	536.4047
34.014861911736155	528.4104
34.297142923451815	522.4957
34.584148303564376	516.2855
34.87599765633708	508.8531
35.1728146576676	501.4089
35.474727229836425	492.7476
35.781867725332845	481.0855
36.09437312031391	469.1839
36.41238521829024	457.557
36.73605086467505	444.9554
37.06552217287841	431.304
37.40095676267821	414.5901
37.74251801165244	400.9806
38.090375320515605	390.4056
38.44470439326459	383.5043
38.805687533107445	374.9692
39.173513955222205	362.4403
39.548380117473144	343.089
39.930490070298966	313.2831
40.32005582708237	245.1418
40.71729775641323	193.9464
41.08837503505495	188.4372
41.36252599442145	191.5236
41.535735902270794	192.1307
41.67535182127001	178.5101
41.81590950026251	156.394
41.95741850026338	155.4797
42.09988851214882	172.8367
42.243329358868245	193.5772
42.38775099770198	198.553
42.53316352256545	226.2873
42.67957716636086	283.6537
42.827002303377654	317.1794
42.97544945174291	307.3077
43.12492927592289	372.9978
43.275452589276895	447.6146
43.4270303566649	298.9537
43.579673697110124	375.4338
43.73339388651792	560.4742
43.8882023604525	561.3837
44.04411071697276	558.8468
44.20113071952879	554.5068
44.35927429992067	549.3459
44.51855356132075	544.7358
44.67898078136154	540.3682
44.84056841529051	536.2498
45.003329099193564	531.9352
45.167275653288996	527.4303
45.3324210852937	522.7452
45.49877859386359	518.0393
45.666361572109864	513.4481
45.83518361119345	509.0999
46.005258503999364	505.084
46.176600248893216	501.3754
46.34922305356198	497.8496
46.523141338941194	494.3869
46.698369743231	490.9696
46.874923126003125	487.2438
47.052816572401625	483.3862
47.23206539743936	479.4738
47.41268515039323	475.4874
47.5946916193007	471.7156
47.77810083556003	468.1008
47.962929078637636	464.642
48.14919288088477	461.2627
48.336909032467176	457.8745
48.526094586410295	454.3919
48.716766863763574	450.7078
48.90894345888691	446.9388
49.102642244862686	442.9926
49.297881379037086	438.9659
49.494679308693925	434.8633
49.69305477686505	430.6755
49.893026828281	426.2836
50.09461481546598	421.7902
50.29783840498106	417.3222
50.50271758382008	413.0083
50.709272665962494	408.9682
50.91752429908759	405.1052
51.12749347145497	401.3134
51.33920151895582	397.56
51.55267013234025	393.7101
51.7679213646256	389.82
51.98497763869111	385.9781
52.203861755064544	382.2851
52.42459689990626	378.6974
52.64720665319673	375.091
52.87171499713361	371.3027
53.098146324744455	367.2191
53.326525448721846	363.0087
53.55687761048738	358.8381
53.78922848949166	354.9018
54.02360421275743	351.2929
54.26003136467321	348.1151
54.4985369970454	345.1089
54.73914863941648	341.9623
54.981894309657775	338.3831
55.22680252484557	334.0736
55.47390231242878	328.8841
55.72322322169811	323.1165
55.97479533556582	317.0314
56.2286492826659	310.8488
56.4848162497851	304.6212
56.743327994635365	297.8002
57.00421685897852	290.683
57.26751578211468	283.7308
57.5332583147463	277.387
57.801478633229976	271.9926
58.07221155422872	267.0216
58.34549254977803	262.4492
58.62135776277933	258.3279
58.89984402293505	254.6998
59.18098886314	251.5879
59.46483053634451	248.8533
59.75140803290521	246.4131
60.040761098439845	244.2051
60.33293025220355	242.1556
60.62795680600406	240.2374
60.925882883674824	238.5477
61.22675144112509	236.9591
61.53060628698675	235.3217
61.83749210387944	233.5101
62.14745447031493	231.393
62.46053988326363	228.9335
62.77679578140673	226.2482
63.096270569098365	223.4727
63.41901364106307	220.7514
63.74507540785516	218.1387
64.07450732210765	215.489
64.4073619055991	212.7806
64.74369277716882	210.049
65.08355468151092	207.3062
65.42700351888035	204.5504
65.77409637574446	201.7178
66.1248915564151	198.8727
66.47944861569883	196.094
66.83782839260286	193.4484
67.20009304513728	191.039
67.56630608625521	188.9543
67.93653242097442	187.0292
68.31083838472634	185.0573
68.68929178297967	182.8399
69.07196193218846	180.2016
69.45891970211667	177.1643
69.85023755959341	173.7472
70.24598961375541	169.9426
70.64625166283665	165.7303
71.05110124256636	160.927
71.4606176762411	154.7804
71.87488212653815	147.7962
72.29397764914187	140.6795
72.71798924825706	134.1795
73.14700393408748	128.8225
73.581110782361	123.8833
74.02040099598703	119.2594
74.46496796893592	115.0223
74.91490735243401	111.2888
75.37031712357343	108.1303
75.83129765643933	105.2564
76.29795179586357	102.6439
76.77038493391845	100.3551
77.24870508926996	98.45183
77.73302298951617	96.99493
78.22345215664245	95.67287
78.72010899573225	94.47742
79.22311288707877	93.53716
79.73258628185098	92.98277
80.24865480147463	93.006
80.77144734089792	93.44631
81.30109617592021	94.0346
81.83773707477116	94.62473
82.3815094141384	95.05885
82.93255629985171	95.0162
83.49102469244329	94.32865
84.0570655378158	93.25743
84.63083390326163	91.97714
85.21248911909161	90.63113
85.80219492614417	89.01583
86.40011962946222	86.79977
87.00643625844093	84.30363
87.6213227337656	81.72273
88.2449620414792	79.20654
88.87754241453642	76.87029
89.51925752222259	74.74347
90.17030666783874	72.66418
90.83089499507565	70.44603
91.50123370352641	67.91721
92.18154027381286	64.96806
92.87203870283018	60.70092
93.572959749644	55.49287
94.28454119260708	50.19091
95.00702809829755	45.6368
95.7406731029176	42.59874
96.48573670683133	39.90781
97.24248758296338	37.40771
98.01120289982474	35.46045
98.7921686599827	34.44454
99.585680054842	34.67998
100.39204183666259	35.27381
101.21156870879861	35.93775
102.0445857352085	36.64437
102.89142877035543	37.37256
103.75244491069314	37.74533
104.62799296901122	37.7694
105.51844397300279	37.81964
106.42418168950927	37.9184
107.34560317599853	38.06256
108.28311936094174	38.22593
109.23715565487073	38.51572
110.20815259402515	38.97633
111.19656651863524	39.57118
112.20287028803465	40.3047
113.22755403495736	42.13932
114.2711259615468	46.11262
115.33411317979377	50.93945
116.41706259932235	55.72693
117.52054186566663	59.46503
118.64514035241942	60.28096
119.79147021089693	57.21181
120.96016748124713	51.91921
122.15189326923968	45.6641
123.36733499331173	39.73545
124.60720770681233	34.96936
125.87225550079015	29.69011
127.16325299310594	24.35544
128.48100691013295	19.89061
129.82635776783067	17.23924
131.20018165955375	17.11828
132.6033921585864	19.06603
134.03694234408465	22.3591
135.501826959867	26.23789
136.9990847163296	29.96911
138.52980074667965	32.73647
140.09510922969298	34.8868
141.69619619231804	36.91132
143.3343025066801	38.97625
145.01072709740154	41.23066
146.7268303766607	44.34562
148.48403792608178	49.45723
150.28384444639792	55.15373
152.12781799788746	60.03023
154.01760455686747	62.76418
155.95493291607335	62.98398
157.94161995959018	62.95897
159.97957634616554	62.8485
162.0708126382723	62.73936
164.21744591824938	62.71679
166.4217069372863	64.84365
168.68594784799765	78.7684
171.01265057693558	99.56186
173.40443589968993	120.0039
175.86407328833798	133.061
178.3944916090335	132.9418
180.99879075661065	125.9629
183.68025432337524	116.0109
186.44236341094478	105.0416
189.28881170729508	94.89654
192.22352196632292	86.98204
195.25066404453275	79.95415
198.37467466924528	73.30772
201.60027913541185	66.92651
204.93251515417901	60.70047
208.37675910635008	54.70304
211.9387549885099	49.05055
215.62464637961443	43.53675
219.44101180226244	38.06361
223.39490390680768	32.5373
227.49389296931795	26.4763
231.7461152678099	19.00088
236.16032698719678	11.4502
240.74596440442392	5.182257
245.51321122431344	1.425994
